variables = "x", "y",  "v0",
ZONE N = 2601 E = 2500 ZONETYPE =fequadrilateral
DATAPACKING=BLOCK
VARLOCATION=([1-2]=NODAL,[3]=CELLCENTERED)

0
1
1
0
0.02
0.04
0.06
0.08
0.1
0.12
0.14
0.16
0.18
0.2
0.22
0.24
0.26
0.28
0.3
0.32
0.34
0.36
0.38
0.4
0.42
0.44
0.46
0.48
0.5
0.52
0.54
0.56
0.58
0.6
0.62
0.64
0.66
0.68
0.7
0.72
0.74
0.76
0.78
0.8
0.82
0.84
0.86
0.88
0.9
0.92
0.94
0.96
0.98
1
1
1
1
1
1
1
1
1
1
1
1
1
1
1
1
1
1
1
1
1
1
1
1
1
1
1
1
1
1
1
1
1
1
1
1
1
1
1
1
1
1
1
1
1
1
1
1
1
0.98
0.96
0.94
0.92
0.9
0.88
0.86
0.84
0.82
0.8
0.78
0.76
0.74
0.72
0.7
0.68
0.66
0.64
0.62
0.6
0.58
0.56
0.54
0.52
0.5
0.48
0.46
0.44
0.42
0.4
0.38
0.36
0.34
0.32
0.3
0.28
0.26
0.24
0.22
0.2
0.18
0.16
0.14
0.12
0.1
0.08
0.06
0.04
0.02
0
0
0
0
0
0
0
0
0
0
0
0
0
0
0
0
0
0
0
0
0
0
0
0
0
0
0
0
0
0
0
0
0
0
0
0
0
0
0
0
0
0
0
0
0
0
0
0
0
0.02
0.02
0.02
0.02
0.02
0.02
0.02
0.02
0.02
0.02
0.02
0.02
0.02
0.02
0.02
0.02
0.02
0.02
0.02
0.02
0.02
0.02
0.02
0.02
0.02
0.02
0.02
0.02
0.02
0.02
0.02
0.02
0.02
0.02
0.02
0.02
0.02
0.02
0.02
0.02
0.02
0.02
0.02
0.02
0.02
0.02
0.02
0.02
0.02
0.04
0.04
0.04
0.04
0.04
0.04
0.04
0.04
0.04
0.04
0.04
0.04
0.04
0.04
0.04
0.04
0.04
0.04
0.04
0.04
0.04
0.04
0.04
0.04
0.04
0.04
0.04
0.04
0.04
0.04
0.04
0.04
0.04
0.04
0.04
0.04
0.04
0.04
0.04
0.04
0.04
0.04
0.04
0.04
0.04
0.04
0.04
0.04
0.04
0.06
0.06
0.06
0.06
0.06
0.06
0.06
0.06
0.06
0.06
0.06
0.06
0.06
0.06
0.06
0.06
0.06
0.06
0.06
0.06
0.06
0.06
0.06
0.06
0.06
0.06
0.06
0.06
0.06
0.06
0.06
0.06
0.06
0.06
0.06
0.06
0.06
0.06
0.06
0.06
0.06
0.06
0.06
0.06
0.06
0.06
0.06
0.06
0.06
0.08
0.08
0.08
0.08
0.08
0.08
0.08
0.08
0.08
0.08
0.08
0.08
0.08
0.08
0.08
0.08
0.08
0.08
0.08
0.08
0.08
0.08
0.08
0.08
0.08
0.08
0.08
0.08
0.08
0.08
0.08
0.08
0.08
0.08
0.08
0.08
0.08
0.08
0.08
0.08
0.08
0.08
0.08
0.08
0.08
0.08
0.08
0.08
0.08
0.1
0.1
0.1
0.1
0.1
0.1
0.1
0.1
0.1
0.1
0.1
0.1
0.1
0.1
0.1
0.1
0.1
0.1
0.1
0.1
0.1
0.1
0.1
0.1
0.1
0.1
0.1
0.1
0.1
0.1
0.1
0.1
0.1
0.1
0.1
0.1
0.1
0.1
0.1
0.1
0.1
0.1
0.1
0.1
0.1
0.1
0.1
0.1
0.1
0.12
0.12
0.12
0.12
0.12
0.12
0.12
0.12
0.12
0.12
0.12
0.12
0.12
0.12
0.12
0.12
0.12
0.12
0.12
0.12
0.12
0.12
0.12
0.12
0.12
0.12
0.12
0.12
0.12
0.12
0.12
0.12
0.12
0.12
0.12
0.12
0.12
0.12
0.12
0.12
0.12
0.12
0.12
0.12
0.12
0.12
0.12
0.12
0.12
0.14
0.14
0.14
0.14
0.14
0.14
0.14
0.14
0.14
0.14
0.14
0.14
0.14
0.14
0.14
0.14
0.14
0.14
0.14
0.14
0.14
0.14
0.14
0.14
0.14
0.14
0.14
0.14
0.14
0.14
0.14
0.14
0.14
0.14
0.14
0.14
0.14
0.14
0.14
0.14
0.14
0.14
0.14
0.14
0.14
0.14
0.14
0.14
0.14
0.16
0.16
0.16
0.16
0.16
0.16
0.16
0.16
0.16
0.16
0.16
0.16
0.16
0.16
0.16
0.16
0.16
0.16
0.16
0.16
0.16
0.16
0.16
0.16
0.16
0.16
0.16
0.16
0.16
0.16
0.16
0.16
0.16
0.16
0.16
0.16
0.16
0.16
0.16
0.16
0.16
0.16
0.16
0.16
0.16
0.16
0.16
0.16
0.16
0.18
0.18
0.18
0.18
0.18
0.18
0.18
0.18
0.18
0.18
0.18
0.18
0.18
0.18
0.18
0.18
0.18
0.18
0.18
0.18
0.18
0.18
0.18
0.18
0.18
0.18
0.18
0.18
0.18
0.18
0.18
0.18
0.18
0.18
0.18
0.18
0.18
0.18
0.18
0.18
0.18
0.18
0.18
0.18
0.18
0.18
0.18
0.18
0.18
0.2
0.2
0.2
0.2
0.2
0.2
0.2
0.2
0.2
0.2
0.2
0.2
0.2
0.2
0.2
0.2
0.2
0.2
0.2
0.2
0.2
0.2
0.2
0.2
0.2
0.2
0.2
0.2
0.2
0.2
0.2
0.2
0.2
0.2
0.2
0.2
0.2
0.2
0.2
0.2
0.2
0.2
0.2
0.2
0.2
0.2
0.2
0.2
0.2
0.22
0.22
0.22
0.22
0.22
0.22
0.22
0.22
0.22
0.22
0.22
0.22
0.22
0.22
0.22
0.22
0.22
0.22
0.22
0.22
0.22
0.22
0.22
0.22
0.22
0.22
0.22
0.22
0.22
0.22
0.22
0.22
0.22
0.22
0.22
0.22
0.22
0.22
0.22
0.22
0.22
0.22
0.22
0.22
0.22
0.22
0.22
0.22
0.22
0.24
0.24
0.24
0.24
0.24
0.24
0.24
0.24
0.24
0.24
0.24
0.24
0.24
0.24
0.24
0.24
0.24
0.24
0.24
0.24
0.24
0.24
0.24
0.24
0.24
0.24
0.24
0.24
0.24
0.24
0.24
0.24
0.24
0.24
0.24
0.24
0.24
0.24
0.24
0.24
0.24
0.24
0.24
0.24
0.24
0.24
0.24
0.24
0.24
0.26
0.26
0.26
0.26
0.26
0.26
0.26
0.26
0.26
0.26
0.26
0.26
0.26
0.26
0.26
0.26
0.26
0.26
0.26
0.26
0.26
0.26
0.26
0.26
0.26
0.26
0.26
0.26
0.26
0.26
0.26
0.26
0.26
0.26
0.26
0.26
0.26
0.26
0.26
0.26
0.26
0.26
0.26
0.26
0.26
0.26
0.26
0.26
0.26
0.28
0.28
0.28
0.28
0.28
0.28
0.28
0.28
0.28
0.28
0.28
0.28
0.28
0.28
0.28
0.28
0.28
0.28
0.28
0.28
0.28
0.28
0.28
0.28
0.28
0.28
0.28
0.28
0.28
0.28
0.28
0.28
0.28
0.28
0.28
0.28
0.28
0.28
0.28
0.28
0.28
0.28
0.28
0.28
0.28
0.28
0.28
0.28
0.28
0.3
0.3
0.3
0.3
0.3
0.3
0.3
0.3
0.3
0.3
0.3
0.3
0.3
0.3
0.3
0.3
0.3
0.3
0.3
0.3
0.3
0.3
0.3
0.3
0.3
0.3
0.3
0.3
0.3
0.3
0.3
0.3
0.3
0.3
0.3
0.3
0.3
0.3
0.3
0.3
0.3
0.3
0.3
0.3
0.3
0.3
0.3
0.3
0.3
0.32
0.32
0.32
0.32
0.32
0.32
0.32
0.32
0.32
0.32
0.32
0.32
0.32
0.32
0.32
0.32
0.32
0.32
0.32
0.32
0.32
0.32
0.32
0.32
0.32
0.32
0.32
0.32
0.32
0.32
0.32
0.32
0.32
0.32
0.32
0.32
0.32
0.32
0.32
0.32
0.32
0.32
0.32
0.32
0.32
0.32
0.32
0.32
0.32
0.34
0.34
0.34
0.34
0.34
0.34
0.34
0.34
0.34
0.34
0.34
0.34
0.34
0.34
0.34
0.34
0.34
0.34
0.34
0.34
0.34
0.34
0.34
0.34
0.34
0.34
0.34
0.34
0.34
0.34
0.34
0.34
0.34
0.34
0.34
0.34
0.34
0.34
0.34
0.34
0.34
0.34
0.34
0.34
0.34
0.34
0.34
0.34
0.34
0.36
0.36
0.36
0.36
0.36
0.36
0.36
0.36
0.36
0.36
0.36
0.36
0.36
0.36
0.36
0.36
0.36
0.36
0.36
0.36
0.36
0.36
0.36
0.36
0.36
0.36
0.36
0.36
0.36
0.36
0.36
0.36
0.36
0.36
0.36
0.36
0.36
0.36
0.36
0.36
0.36
0.36
0.36
0.36
0.36
0.36
0.36
0.36
0.36
0.38
0.38
0.38
0.38
0.38
0.38
0.38
0.38
0.38
0.38
0.38
0.38
0.38
0.38
0.38
0.38
0.38
0.38
0.38
0.38
0.38
0.38
0.38
0.38
0.38
0.38
0.38
0.38
0.38
0.38
0.38
0.38
0.38
0.38
0.38
0.38
0.38
0.38
0.38
0.38
0.38
0.38
0.38
0.38
0.38
0.38
0.38
0.38
0.38
0.4
0.4
0.4
0.4
0.4
0.4
0.4
0.4
0.4
0.4
0.4
0.4
0.4
0.4
0.4
0.4
0.4
0.4
0.4
0.4
0.4
0.4
0.4
0.4
0.4
0.4
0.4
0.4
0.4
0.4
0.4
0.4
0.4
0.4
0.4
0.4
0.4
0.4
0.4
0.4
0.4
0.4
0.4
0.4
0.4
0.4
0.4
0.4
0.4
0.42
0.42
0.42
0.42
0.42
0.42
0.42
0.42
0.42
0.42
0.42
0.42
0.42
0.42
0.42
0.42
0.42
0.42
0.42
0.42
0.42
0.42
0.42
0.42
0.42
0.42
0.42
0.42
0.42
0.42
0.42
0.42
0.42
0.42
0.42
0.42
0.42
0.42
0.42
0.42
0.42
0.42
0.42
0.42
0.42
0.42
0.42
0.42
0.42
0.44
0.44
0.44
0.44
0.44
0.44
0.44
0.44
0.44
0.44
0.44
0.44
0.44
0.44
0.44
0.44
0.44
0.44
0.44
0.44
0.44
0.44
0.44
0.44
0.44
0.44
0.44
0.44
0.44
0.44
0.44
0.44
0.44
0.44
0.44
0.44
0.44
0.44
0.44
0.44
0.44
0.44
0.44
0.44
0.44
0.44
0.44
0.44
0.44
0.46
0.46
0.46
0.46
0.46
0.46
0.46
0.46
0.46
0.46
0.46
0.46
0.46
0.46
0.46
0.46
0.46
0.46
0.46
0.46
0.46
0.46
0.46
0.46
0.46
0.46
0.46
0.46
0.46
0.46
0.46
0.46
0.46
0.46
0.46
0.46
0.46
0.46
0.46
0.46
0.46
0.46
0.46
0.46
0.46
0.46
0.46
0.46
0.46
0.48
0.48
0.48
0.48
0.48
0.48
0.48
0.48
0.48
0.48
0.48
0.48
0.48
0.48
0.48
0.48
0.48
0.48
0.48
0.48
0.48
0.48
0.48
0.48
0.48
0.48
0.48
0.48
0.48
0.48
0.48
0.48
0.48
0.48
0.48
0.48
0.48
0.48
0.48
0.48
0.48
0.48
0.48
0.48
0.48
0.48
0.48
0.48
0.48
0.5
0.5
0.5
0.5
0.5
0.5
0.5
0.5
0.5
0.5
0.5
0.5
0.5
0.5
0.5
0.5
0.5
0.5
0.5
0.5
0.5
0.5
0.5
0.5
0.5
0.5
0.5
0.5
0.5
0.5
0.5
0.5
0.5
0.5
0.5
0.5
0.5
0.5
0.5
0.5
0.5
0.5
0.5
0.5
0.5
0.5
0.5
0.5
0.5
0.52
0.52
0.52
0.52
0.52
0.52
0.52
0.52
0.52
0.52
0.52
0.52
0.52
0.52
0.52
0.52
0.52
0.52
0.52
0.52
0.52
0.52
0.52
0.52
0.52
0.52
0.52
0.52
0.52
0.52
0.52
0.52
0.52
0.52
0.52
0.52
0.52
0.52
0.52
0.52
0.52
0.52
0.52
0.52
0.52
0.52
0.52
0.52
0.52
0.54
0.54
0.54
0.54
0.54
0.54
0.54
0.54
0.54
0.54
0.54
0.54
0.54
0.54
0.54
0.54
0.54
0.54
0.54
0.54
0.54
0.54
0.54
0.54
0.54
0.54
0.54
0.54
0.54
0.54
0.54
0.54
0.54
0.54
0.54
0.54
0.54
0.54
0.54
0.54
0.54
0.54
0.54
0.54
0.54
0.54
0.54
0.54
0.54
0.56
0.56
0.56
0.56
0.56
0.56
0.56
0.56
0.56
0.56
0.56
0.56
0.56
0.56
0.56
0.56
0.56
0.56
0.56
0.56
0.56
0.56
0.56
0.56
0.56
0.56
0.56
0.56
0.56
0.56
0.56
0.56
0.56
0.56
0.56
0.56
0.56
0.56
0.56
0.56
0.56
0.56
0.56
0.56
0.56
0.56
0.56
0.56
0.56
0.58
0.58
0.58
0.58
0.58
0.58
0.58
0.58
0.58
0.58
0.58
0.58
0.58
0.58
0.58
0.58
0.58
0.58
0.58
0.58
0.58
0.58
0.58
0.58
0.58
0.58
0.58
0.58
0.58
0.58
0.58
0.58
0.58
0.58
0.58
0.58
0.58
0.58
0.58
0.58
0.58
0.58
0.58
0.58
0.58
0.58
0.58
0.58
0.58
0.6
0.6
0.6
0.6
0.6
0.6
0.6
0.6
0.6
0.6
0.6
0.6
0.6
0.6
0.6
0.6
0.6
0.6
0.6
0.6
0.6
0.6
0.6
0.6
0.6
0.6
0.6
0.6
0.6
0.6
0.6
0.6
0.6
0.6
0.6
0.6
0.6
0.6
0.6
0.6
0.6
0.6
0.6
0.6
0.6
0.6
0.6
0.6
0.6
0.62
0.62
0.62
0.62
0.62
0.62
0.62
0.62
0.62
0.62
0.62
0.62
0.62
0.62
0.62
0.62
0.62
0.62
0.62
0.62
0.62
0.62
0.62
0.62
0.62
0.62
0.62
0.62
0.62
0.62
0.62
0.62
0.62
0.62
0.62
0.62
0.62
0.62
0.62
0.62
0.62
0.62
0.62
0.62
0.62
0.62
0.62
0.62
0.62
0.64
0.64
0.64
0.64
0.64
0.64
0.64
0.64
0.64
0.64
0.64
0.64
0.64
0.64
0.64
0.64
0.64
0.64
0.64
0.64
0.64
0.64
0.64
0.64
0.64
0.64
0.64
0.64
0.64
0.64
0.64
0.64
0.64
0.64
0.64
0.64
0.64
0.64
0.64
0.64
0.64
0.64
0.64
0.64
0.64
0.64
0.64
0.64
0.64
0.66
0.66
0.66
0.66
0.66
0.66
0.66
0.66
0.66
0.66
0.66
0.66
0.66
0.66
0.66
0.66
0.66
0.66
0.66
0.66
0.66
0.66
0.66
0.66
0.66
0.66
0.66
0.66
0.66
0.66
0.66
0.66
0.66
0.66
0.66
0.66
0.66
0.66
0.66
0.66
0.66
0.66
0.66
0.66
0.66
0.66
0.66
0.66
0.66
0.68
0.68
0.68
0.68
0.68
0.68
0.68
0.68
0.68
0.68
0.68
0.68
0.68
0.68
0.68
0.68
0.68
0.68
0.68
0.68
0.68
0.68
0.68
0.68
0.68
0.68
0.68
0.68
0.68
0.68
0.68
0.68
0.68
0.68
0.68
0.68
0.68
0.68
0.68
0.68
0.68
0.68
0.68
0.68
0.68
0.68
0.68
0.68
0.68
0.7
0.7
0.7
0.7
0.7
0.7
0.7
0.7
0.7
0.7
0.7
0.7
0.7
0.7
0.7
0.7
0.7
0.7
0.7
0.7
0.7
0.7
0.7
0.7
0.7
0.7
0.7
0.7
0.7
0.7
0.7
0.7
0.7
0.7
0.7
0.7
0.7
0.7
0.7
0.7
0.7
0.7
0.7
0.7
0.7
0.7
0.7
0.7
0.7
0.72
0.72
0.72
0.72
0.72
0.72
0.72
0.72
0.72
0.72
0.72
0.72
0.72
0.72
0.72
0.72
0.72
0.72
0.72
0.72
0.72
0.72
0.72
0.72
0.72
0.72
0.72
0.72
0.72
0.72
0.72
0.72
0.72
0.72
0.72
0.72
0.72
0.72
0.72
0.72
0.72
0.72
0.72
0.72
0.72
0.72
0.72
0.72
0.72
0.74
0.74
0.74
0.74
0.74
0.74
0.74
0.74
0.74
0.74
0.74
0.74
0.74
0.74
0.74
0.74
0.74
0.74
0.74
0.74
0.74
0.74
0.74
0.74
0.74
0.74
0.74
0.74
0.74
0.74
0.74
0.74
0.74
0.74
0.74
0.74
0.74
0.74
0.74
0.74
0.74
0.74
0.74
0.74
0.74
0.74
0.74
0.74
0.74
0.76
0.76
0.76
0.76
0.76
0.76
0.76
0.76
0.76
0.76
0.76
0.76
0.76
0.76
0.76
0.76
0.76
0.76
0.76
0.76
0.76
0.76
0.76
0.76
0.76
0.76
0.76
0.76
0.76
0.76
0.76
0.76
0.76
0.76
0.76
0.76
0.76
0.76
0.76
0.76
0.76
0.76
0.76
0.76
0.76
0.76
0.76
0.76
0.76
0.78
0.78
0.78
0.78
0.78
0.78
0.78
0.78
0.78
0.78
0.78
0.78
0.78
0.78
0.78
0.78
0.78
0.78
0.78
0.78
0.78
0.78
0.78
0.78
0.78
0.78
0.78
0.78
0.78
0.78
0.78
0.78
0.78
0.78
0.78
0.78
0.78
0.78
0.78
0.78
0.78
0.78
0.78
0.78
0.78
0.78
0.78
0.78
0.78
0.8
0.8
0.8
0.8
0.8
0.8
0.8
0.8
0.8
0.8
0.8
0.8
0.8
0.8
0.8
0.8
0.8
0.8
0.8
0.8
0.8
0.8
0.8
0.8
0.8
0.8
0.8
0.8
0.8
0.8
0.8
0.8
0.8
0.8
0.8
0.8
0.8
0.8
0.8
0.8
0.8
0.8
0.8
0.8
0.8
0.8
0.8
0.8
0.8
0.82
0.82
0.82
0.82
0.82
0.82
0.82
0.82
0.82
0.82
0.82
0.82
0.82
0.82
0.82
0.82
0.82
0.82
0.82
0.82
0.82
0.82
0.82
0.82
0.82
0.82
0.82
0.82
0.82
0.82
0.82
0.82
0.82
0.82
0.82
0.82
0.82
0.82
0.82
0.82
0.82
0.82
0.82
0.82
0.82
0.82
0.82
0.82
0.82
0.84
0.84
0.84
0.84
0.84
0.84
0.84
0.84
0.84
0.84
0.84
0.84
0.84
0.84
0.84
0.84
0.84
0.84
0.84
0.84
0.84
0.84
0.84
0.84
0.84
0.84
0.84
0.84
0.84
0.84
0.84
0.84
0.84
0.84
0.84
0.84
0.84
0.84
0.84
0.84
0.84
0.84
0.84
0.84
0.84
0.84
0.84
0.84
0.84
0.86
0.86
0.86
0.86
0.86
0.86
0.86
0.86
0.86
0.86
0.86
0.86
0.86
0.86
0.86
0.86
0.86
0.86
0.86
0.86
0.86
0.86
0.86
0.86
0.86
0.86
0.86
0.86
0.86
0.86
0.86
0.86
0.86
0.86
0.86
0.86
0.86
0.86
0.86
0.86
0.86
0.86
0.86
0.86
0.86
0.86
0.86
0.86
0.86
0.88
0.88
0.88
0.88
0.88
0.88
0.88
0.88
0.88
0.88
0.88
0.88
0.88
0.88
0.88
0.88
0.88
0.88
0.88
0.88
0.88
0.88
0.88
0.88
0.88
0.88
0.88
0.88
0.88
0.88
0.88
0.88
0.88
0.88
0.88
0.88
0.88
0.88
0.88
0.88
0.88
0.88
0.88
0.88
0.88
0.88
0.88
0.88
0.88
0.9
0.9
0.9
0.9
0.9
0.9
0.9
0.9
0.9
0.9
0.9
0.9
0.9
0.9
0.9
0.9
0.9
0.9
0.9
0.9
0.9
0.9
0.9
0.9
0.9
0.9
0.9
0.9
0.9
0.9
0.9
0.9
0.9
0.9
0.9
0.9
0.9
0.9
0.9
0.9
0.9
0.9
0.9
0.9
0.9
0.9
0.9
0.9
0.9
0.92
0.92
0.92
0.92
0.92
0.92
0.92
0.92
0.92
0.92
0.92
0.92
0.92
0.92
0.92
0.92
0.92
0.92
0.92
0.92
0.92
0.92
0.92
0.92
0.92
0.92
0.92
0.92
0.92
0.92
0.92
0.92
0.92
0.92
0.92
0.92
0.92
0.92
0.92
0.92
0.92
0.92
0.92
0.92
0.92
0.92
0.92
0.92
0.92
0.94
0.94
0.94
0.94
0.94
0.94
0.94
0.94
0.94
0.94
0.94
0.94
0.94
0.94
0.94
0.94
0.94
0.94
0.94
0.94
0.94
0.94
0.94
0.94
0.94
0.94
0.94
0.94
0.94
0.94
0.94
0.94
0.94
0.94
0.94
0.94
0.94
0.94
0.94
0.94
0.94
0.94
0.94
0.94
0.94
0.94
0.94
0.94
0.94
0.96
0.96
0.96
0.96
0.96
0.96
0.96
0.96
0.96
0.96
0.96
0.96
0.96
0.96
0.96
0.96
0.96
0.96
0.96
0.96
0.96
0.96
0.96
0.96
0.96
0.96
0.96
0.96
0.96
0.96
0.96
0.96
0.96
0.96
0.96
0.96
0.96
0.96
0.96
0.96
0.96
0.96
0.96
0.96
0.96
0.96
0.96
0.96
0.96
0.98
0.98
0.98
0.98
0.98
0.98
0.98
0.98
0.98
0.98
0.98
0.98
0.98
0.98
0.98
0.98
0.98
0.98
0.98
0.98
0.98
0.98
0.98
0.98
0.98
0.98
0.98
0.98
0.98
0.98
0.98
0.98
0.98
0.98
0.98
0.98
0.98
0.98
0.98
0.98
0.98
0.98
0.98
0.98
0.98
0.98
0.98
0.98
0.98

0
0
1
1
0
0
0
0
0
0
0
0
0
0
0
0
0
0
0
0
0
0
0
0
0
0
0
0
0
0
0
0
0
0
0
0
0
0
0
0
0
0
0
0
0
0
0
0
0
0
0
0
0
0.02
0.04
0.06
0.08
0.1
0.12
0.14
0.16
0.18
0.2
0.22
0.24
0.26
0.28
0.3
0.32
0.34
0.36
0.38
0.4
0.42
0.44
0.46
0.48
0.5
0.52
0.54
0.56
0.58
0.6
0.62
0.64
0.66
0.68
0.7
0.72
0.74
0.76
0.78
0.8
0.82
0.84
0.86
0.88
0.9
0.92
0.94
0.96
0.98
1
1
1
1
1
1
1
1
1
1
1
1
1
1
1
1
1
1
1
1
1
1
1
1
1
1
1
1
1
1
1
1
1
1
1
1
1
1
1
1
1
1
1
1
1
1
1
1
1
0.98
0.96
0.94
0.92
0.9
0.88
0.86
0.84
0.82
0.8
0.78
0.76
0.74
0.72
0.7
0.68
0.66
0.64
0.62
0.6
0.58
0.56
0.54
0.52
0.5
0.48
0.46
0.44
0.42
0.4
0.38
0.36
0.34
0.32
0.3
0.28
0.26
0.24
0.22
0.2
0.18
0.16
0.14
0.12
0.1
0.08
0.06
0.04
0.02
0.02
0.04
0.06
0.08
0.1
0.12
0.14
0.16
0.18
0.2
0.22
0.24
0.26
0.28
0.3
0.32
0.34
0.36
0.38
0.4
0.42
0.44
0.46
0.48
0.5
0.52
0.54
0.56
0.58
0.6
0.62
0.64
0.66
0.68
0.7
0.72
0.74
0.76
0.78
0.8
0.82
0.84
0.86
0.88
0.9
0.92
0.94
0.96
0.98
0.02
0.04
0.06
0.08
0.1
0.12
0.14
0.16
0.18
0.2
0.22
0.24
0.26
0.28
0.3
0.32
0.34
0.36
0.38
0.4
0.42
0.44
0.46
0.48
0.5
0.52
0.54
0.56
0.58
0.6
0.62
0.64
0.66
0.68
0.7
0.72
0.74
0.76
0.78
0.8
0.82
0.84
0.86
0.88
0.9
0.92
0.94
0.96
0.98
0.02
0.04
0.06
0.08
0.1
0.12
0.14
0.16
0.18
0.2
0.22
0.24
0.26
0.28
0.3
0.32
0.34
0.36
0.38
0.4
0.42
0.44
0.46
0.48
0.5
0.52
0.54
0.56
0.58
0.6
0.62
0.64
0.66
0.68
0.7
0.72
0.74
0.76
0.78
0.8
0.82
0.84
0.86
0.88
0.9
0.92
0.94
0.96
0.98
0.02
0.04
0.06
0.08
0.1
0.12
0.14
0.16
0.18
0.2
0.22
0.24
0.26
0.28
0.3
0.32
0.34
0.36
0.38
0.4
0.42
0.44
0.46
0.48
0.5
0.52
0.54
0.56
0.58
0.6
0.62
0.64
0.66
0.68
0.7
0.72
0.74
0.76
0.78
0.8
0.82
0.84
0.86
0.88
0.9
0.92
0.94
0.96
0.98
0.02
0.04
0.06
0.08
0.1
0.12
0.14
0.16
0.18
0.2
0.22
0.24
0.26
0.28
0.3
0.32
0.34
0.36
0.38
0.4
0.42
0.44
0.46
0.48
0.5
0.52
0.54
0.56
0.58
0.6
0.62
0.64
0.66
0.68
0.7
0.72
0.74
0.76
0.78
0.8
0.82
0.84
0.86
0.88
0.9
0.92
0.94
0.96
0.98
0.02
0.04
0.06
0.08
0.1
0.12
0.14
0.16
0.18
0.2
0.22
0.24
0.26
0.28
0.3
0.32
0.34
0.36
0.38
0.4
0.42
0.44
0.46
0.48
0.5
0.52
0.54
0.56
0.58
0.6
0.62
0.64
0.66
0.68
0.7
0.72
0.74
0.76
0.78
0.8
0.82
0.84
0.86
0.88
0.9
0.92
0.94
0.96
0.98
0.02
0.04
0.06
0.08
0.1
0.12
0.14
0.16
0.18
0.2
0.22
0.24
0.26
0.28
0.3
0.32
0.34
0.36
0.38
0.4
0.42
0.44
0.46
0.48
0.5
0.52
0.54
0.56
0.58
0.6
0.62
0.64
0.66
0.68
0.7
0.72
0.74
0.76
0.78
0.8
0.82
0.84
0.86
0.88
0.9
0.92
0.94
0.96
0.98
0.02
0.04
0.06
0.08
0.1
0.12
0.14
0.16
0.18
0.2
0.22
0.24
0.26
0.28
0.3
0.32
0.34
0.36
0.38
0.4
0.42
0.44
0.46
0.48
0.5
0.52
0.54
0.56
0.58
0.6
0.62
0.64
0.66
0.68
0.7
0.72
0.74
0.76
0.78
0.8
0.82
0.84
0.86
0.88
0.9
0.92
0.94
0.96
0.98
0.02
0.04
0.06
0.08
0.1
0.12
0.14
0.16
0.18
0.2
0.22
0.24
0.26
0.28
0.3
0.32
0.34
0.36
0.38
0.4
0.42
0.44
0.46
0.48
0.5
0.52
0.54
0.56
0.58
0.6
0.62
0.64
0.66
0.68
0.7
0.72
0.74
0.76
0.78
0.8
0.82
0.84
0.86
0.88
0.9
0.92
0.94
0.96
0.98
0.02
0.04
0.06
0.08
0.1
0.12
0.14
0.16
0.18
0.2
0.22
0.24
0.26
0.28
0.3
0.32
0.34
0.36
0.38
0.4
0.42
0.44
0.46
0.48
0.5
0.52
0.54
0.56
0.58
0.6
0.62
0.64
0.66
0.68
0.7
0.72
0.74
0.76
0.78
0.8
0.82
0.84
0.86
0.88
0.9
0.92
0.94
0.96
0.98
0.02
0.04
0.06
0.08
0.1
0.12
0.14
0.16
0.18
0.2
0.22
0.24
0.26
0.28
0.3
0.32
0.34
0.36
0.38
0.4
0.42
0.44
0.46
0.48
0.5
0.52
0.54
0.56
0.58
0.6
0.62
0.64
0.66
0.68
0.7
0.72
0.74
0.76
0.78
0.8
0.82
0.84
0.86
0.88
0.9
0.92
0.94
0.96
0.98
0.02
0.04
0.06
0.08
0.1
0.12
0.14
0.16
0.18
0.2
0.22
0.24
0.26
0.28
0.3
0.32
0.34
0.36
0.38
0.4
0.42
0.44
0.46
0.48
0.5
0.52
0.54
0.56
0.58
0.6
0.62
0.64
0.66
0.68
0.7
0.72
0.74
0.76
0.78
0.8
0.82
0.84
0.86
0.88
0.9
0.92
0.94
0.96
0.98
0.02
0.04
0.06
0.08
0.1
0.12
0.14
0.16
0.18
0.2
0.22
0.24
0.26
0.28
0.3
0.32
0.34
0.36
0.38
0.4
0.42
0.44
0.46
0.48
0.5
0.52
0.54
0.56
0.58
0.6
0.62
0.64
0.66
0.68
0.7
0.72
0.74
0.76
0.78
0.8
0.82
0.84
0.86
0.88
0.9
0.92
0.94
0.96
0.98
0.02
0.04
0.06
0.08
0.1
0.12
0.14
0.16
0.18
0.2
0.22
0.24
0.26
0.28
0.3
0.32
0.34
0.36
0.38
0.4
0.42
0.44
0.46
0.48
0.5
0.52
0.54
0.56
0.58
0.6
0.62
0.64
0.66
0.68
0.7
0.72
0.74
0.76
0.78
0.8
0.82
0.84
0.86
0.88
0.9
0.92
0.94
0.96
0.98
0.02
0.04
0.06
0.08
0.1
0.12
0.14
0.16
0.18
0.2
0.22
0.24
0.26
0.28
0.3
0.32
0.34
0.36
0.38
0.4
0.42
0.44
0.46
0.48
0.5
0.52
0.54
0.56
0.58
0.6
0.62
0.64
0.66
0.68
0.7
0.72
0.74
0.76
0.78
0.8
0.82
0.84
0.86
0.88
0.9
0.92
0.94
0.96
0.98
0.02
0.04
0.06
0.08
0.1
0.12
0.14
0.16
0.18
0.2
0.22
0.24
0.26
0.28
0.3
0.32
0.34
0.36
0.38
0.4
0.42
0.44
0.46
0.48
0.5
0.52
0.54
0.56
0.58
0.6
0.62
0.64
0.66
0.68
0.7
0.72
0.74
0.76
0.78
0.8
0.82
0.84
0.86
0.88
0.9
0.92
0.94
0.96
0.98
0.02
0.04
0.06
0.08
0.1
0.12
0.14
0.16
0.18
0.2
0.22
0.24
0.26
0.28
0.3
0.32
0.34
0.36
0.38
0.4
0.42
0.44
0.46
0.48
0.5
0.52
0.54
0.56
0.58
0.6
0.62
0.64
0.66
0.68
0.7
0.72
0.74
0.76
0.78
0.8
0.82
0.84
0.86
0.88
0.9
0.92
0.94
0.96
0.98
0.02
0.04
0.06
0.08
0.1
0.12
0.14
0.16
0.18
0.2
0.22
0.24
0.26
0.28
0.3
0.32
0.34
0.36
0.38
0.4
0.42
0.44
0.46
0.48
0.5
0.52
0.54
0.56
0.58
0.6
0.62
0.64
0.66
0.68
0.7
0.72
0.74
0.76
0.78
0.8
0.82
0.84
0.86
0.88
0.9
0.92
0.94
0.96
0.98
0.02
0.04
0.06
0.08
0.1
0.12
0.14
0.16
0.18
0.2
0.22
0.24
0.26
0.28
0.3
0.32
0.34
0.36
0.38
0.4
0.42
0.44
0.46
0.48
0.5
0.52
0.54
0.56
0.58
0.6
0.62
0.64
0.66
0.68
0.7
0.72
0.74
0.76
0.78
0.8
0.82
0.84
0.86
0.88
0.9
0.92
0.94
0.96
0.98
0.02
0.04
0.06
0.08
0.1
0.12
0.14
0.16
0.18
0.2
0.22
0.24
0.26
0.28
0.3
0.32
0.34
0.36
0.38
0.4
0.42
0.44
0.46
0.48
0.5
0.52
0.54
0.56
0.58
0.6
0.62
0.64
0.66
0.68
0.7
0.72
0.74
0.76
0.78
0.8
0.82
0.84
0.86
0.88
0.9
0.92
0.94
0.96
0.98
0.02
0.04
0.06
0.08
0.1
0.12
0.14
0.16
0.18
0.2
0.22
0.24
0.26
0.28
0.3
0.32
0.34
0.36
0.38
0.4
0.42
0.44
0.46
0.48
0.5
0.52
0.54
0.56
0.58
0.6
0.62
0.64
0.66
0.68
0.7
0.72
0.74
0.76
0.78
0.8
0.82
0.84
0.86
0.88
0.9
0.92
0.94
0.96
0.98
0.02
0.04
0.06
0.08
0.1
0.12
0.14
0.16
0.18
0.2
0.22
0.24
0.26
0.28
0.3
0.32
0.34
0.36
0.38
0.4
0.42
0.44
0.46
0.48
0.5
0.52
0.54
0.56
0.58
0.6
0.62
0.64
0.66
0.68
0.7
0.72
0.74
0.76
0.78
0.8
0.82
0.84
0.86
0.88
0.9
0.92
0.94
0.96
0.98
0.02
0.04
0.06
0.08
0.1
0.12
0.14
0.16
0.18
0.2
0.22
0.24
0.26
0.28
0.3
0.32
0.34
0.36
0.38
0.4
0.42
0.44
0.46
0.48
0.5
0.52
0.54
0.56
0.58
0.6
0.62
0.64
0.66
0.68
0.7
0.72
0.74
0.76
0.78
0.8
0.82
0.84
0.86
0.88
0.9
0.92
0.94
0.96
0.98
0.02
0.04
0.06
0.08
0.1
0.12
0.14
0.16
0.18
0.2
0.22
0.24
0.26
0.28
0.3
0.32
0.34
0.36
0.38
0.4
0.42
0.44
0.46
0.48
0.5
0.52
0.54
0.56
0.58
0.6
0.62
0.64
0.66
0.68
0.7
0.72
0.74
0.76
0.78
0.8
0.82
0.84
0.86
0.88
0.9
0.92
0.94
0.96
0.98
0.02
0.04
0.06
0.08
0.1
0.12
0.14
0.16
0.18
0.2
0.22
0.24
0.26
0.28
0.3
0.32
0.34
0.36
0.38
0.4
0.42
0.44
0.46
0.48
0.5
0.52
0.54
0.56
0.58
0.6
0.62
0.64
0.66
0.68
0.7
0.72
0.74
0.76
0.78
0.8
0.82
0.84
0.86
0.88
0.9
0.92
0.94
0.96
0.98
0.02
0.04
0.06
0.08
0.1
0.12
0.14
0.16
0.18
0.2
0.22
0.24
0.26
0.28
0.3
0.32
0.34
0.36
0.38
0.4
0.42
0.44
0.46
0.48
0.5
0.52
0.54
0.56
0.58
0.6
0.62
0.64
0.66
0.68
0.7
0.72
0.74
0.76
0.78
0.8
0.82
0.84
0.86
0.88
0.9
0.92
0.94
0.96
0.98
0.02
0.04
0.06
0.08
0.1
0.12
0.14
0.16
0.18
0.2
0.22
0.24
0.26
0.28
0.3
0.32
0.34
0.36
0.38
0.4
0.42
0.44
0.46
0.48
0.5
0.52
0.54
0.56
0.58
0.6
0.62
0.64
0.66
0.68
0.7
0.72
0.74
0.76
0.78
0.8
0.82
0.84
0.86
0.88
0.9
0.92
0.94
0.96
0.98
0.02
0.04
0.06
0.08
0.1
0.12
0.14
0.16
0.18
0.2
0.22
0.24
0.26
0.28
0.3
0.32
0.34
0.36
0.38
0.4
0.42
0.44
0.46
0.48
0.5
0.52
0.54
0.56
0.58
0.6
0.62
0.64
0.66
0.68
0.7
0.72
0.74
0.76
0.78
0.8
0.82
0.84
0.86
0.88
0.9
0.92
0.94
0.96
0.98
0.02
0.04
0.06
0.08
0.1
0.12
0.14
0.16
0.18
0.2
0.22
0.24
0.26
0.28
0.3
0.32
0.34
0.36
0.38
0.4
0.42
0.44
0.46
0.48
0.5
0.52
0.54
0.56
0.58
0.6
0.62
0.64
0.66
0.68
0.7
0.72
0.74
0.76
0.78
0.8
0.82
0.84
0.86
0.88
0.9
0.92
0.94
0.96
0.98
0.02
0.04
0.06
0.08
0.1
0.12
0.14
0.16
0.18
0.2
0.22
0.24
0.26
0.28
0.3
0.32
0.34
0.36
0.38
0.4
0.42
0.44
0.46
0.48
0.5
0.52
0.54
0.56
0.58
0.6
0.62
0.64
0.66
0.68
0.7
0.72
0.74
0.76
0.78
0.8
0.82
0.84
0.86
0.88
0.9
0.92
0.94
0.96
0.98
0.02
0.04
0.06
0.08
0.1
0.12
0.14
0.16
0.18
0.2
0.22
0.24
0.26
0.28
0.3
0.32
0.34
0.36
0.38
0.4
0.42
0.44
0.46
0.48
0.5
0.52
0.54
0.56
0.58
0.6
0.62
0.64
0.66
0.68
0.7
0.72
0.74
0.76
0.78
0.8
0.82
0.84
0.86
0.88
0.9
0.92
0.94
0.96
0.98
0.02
0.04
0.06
0.08
0.1
0.12
0.14
0.16
0.18
0.2
0.22
0.24
0.26
0.28
0.3
0.32
0.34
0.36
0.38
0.4
0.42
0.44
0.46
0.48
0.5
0.52
0.54
0.56
0.58
0.6
0.62
0.64
0.66
0.68
0.7
0.72
0.74
0.76
0.78
0.8
0.82
0.84
0.86
0.88
0.9
0.92
0.94
0.96
0.98
0.02
0.04
0.06
0.08
0.1
0.12
0.14
0.16
0.18
0.2
0.22
0.24
0.26
0.28
0.3
0.32
0.34
0.36
0.38
0.4
0.42
0.44
0.46
0.48
0.5
0.52
0.54
0.56
0.58
0.6
0.62
0.64
0.66
0.68
0.7
0.72
0.74
0.76
0.78
0.8
0.82
0.84
0.86
0.88
0.9
0.92
0.94
0.96
0.98
0.02
0.04
0.06
0.08
0.1
0.12
0.14
0.16
0.18
0.2
0.22
0.24
0.26
0.28
0.3
0.32
0.34
0.36
0.38
0.4
0.42
0.44
0.46
0.48
0.5
0.52
0.54
0.56
0.58
0.6
0.62
0.64
0.66
0.68
0.7
0.72
0.74
0.76
0.78
0.8
0.82
0.84
0.86
0.88
0.9
0.92
0.94
0.96
0.98
0.02
0.04
0.06
0.08
0.1
0.12
0.14
0.16
0.18
0.2
0.22
0.24
0.26
0.28
0.3
0.32
0.34
0.36
0.38
0.4
0.42
0.44
0.46
0.48
0.5
0.52
0.54
0.56
0.58
0.6
0.62
0.64
0.66
0.68
0.7
0.72
0.74
0.76
0.78
0.8
0.82
0.84
0.86
0.88
0.9
0.92
0.94
0.96
0.98
0.02
0.04
0.06
0.08
0.1
0.12
0.14
0.16
0.18
0.2
0.22
0.24
0.26
0.28
0.3
0.32
0.34
0.36
0.38
0.4
0.42
0.44
0.46
0.48
0.5
0.52
0.54
0.56
0.58
0.6
0.62
0.64
0.66
0.68
0.7
0.72
0.74
0.76
0.78
0.8
0.82
0.84
0.86
0.88
0.9
0.92
0.94
0.96
0.98
0.02
0.04
0.06
0.08
0.1
0.12
0.14
0.16
0.18
0.2
0.22
0.24
0.26
0.28
0.3
0.32
0.34
0.36
0.38
0.4
0.42
0.44
0.46
0.48
0.5
0.52
0.54
0.56
0.58
0.6
0.62
0.64
0.66
0.68
0.7
0.72
0.74
0.76
0.78
0.8
0.82
0.84
0.86
0.88
0.9
0.92
0.94
0.96
0.98
0.02
0.04
0.06
0.08
0.1
0.12
0.14
0.16
0.18
0.2
0.22
0.24
0.26
0.28
0.3
0.32
0.34
0.36
0.38
0.4
0.42
0.44
0.46
0.48
0.5
0.52
0.54
0.56
0.58
0.6
0.62
0.64
0.66
0.68
0.7
0.72
0.74
0.76
0.78
0.8
0.82
0.84
0.86
0.88
0.9
0.92
0.94
0.96
0.98
0.02
0.04
0.06
0.08
0.1
0.12
0.14
0.16
0.18
0.2
0.22
0.24
0.26
0.28
0.3
0.32
0.34
0.36
0.38
0.4
0.42
0.44
0.46
0.48
0.5
0.52
0.54
0.56
0.58
0.6
0.62
0.64
0.66
0.68
0.7
0.72
0.74
0.76
0.78
0.8
0.82
0.84
0.86
0.88
0.9
0.92
0.94
0.96
0.98
0.02
0.04
0.06
0.08
0.1
0.12
0.14
0.16
0.18
0.2
0.22
0.24
0.26
0.28
0.3
0.32
0.34
0.36
0.38
0.4
0.42
0.44
0.46
0.48
0.5
0.52
0.54
0.56
0.58
0.6
0.62
0.64
0.66
0.68
0.7
0.72
0.74
0.76
0.78
0.8
0.82
0.84
0.86
0.88
0.9
0.92
0.94
0.96
0.98
0.02
0.04
0.06
0.08
0.1
0.12
0.14
0.16
0.18
0.2
0.22
0.24
0.26
0.28
0.3
0.32
0.34
0.36
0.38
0.4
0.42
0.44
0.46
0.48
0.5
0.52
0.54
0.56
0.58
0.6
0.62
0.64
0.66
0.68
0.7
0.72
0.74
0.76
0.78
0.8
0.82
0.84
0.86
0.88
0.9
0.92
0.94
0.96
0.98
0.02
0.04
0.06
0.08
0.1
0.12
0.14
0.16
0.18
0.2
0.22
0.24
0.26
0.28
0.3
0.32
0.34
0.36
0.38
0.4
0.42
0.44
0.46
0.48
0.5
0.52
0.54
0.56
0.58
0.6
0.62
0.64
0.66
0.68
0.7
0.72
0.74
0.76
0.78
0.8
0.82
0.84
0.86
0.88
0.9
0.92
0.94
0.96
0.98
0.02
0.04
0.06
0.08
0.1
0.12
0.14
0.16
0.18
0.2
0.22
0.24
0.26
0.28
0.3
0.32
0.34
0.36
0.38
0.4
0.42
0.44
0.46
0.48
0.5
0.52
0.54
0.56
0.58
0.6
0.62
0.64
0.66
0.68
0.7
0.72
0.74
0.76
0.78
0.8
0.82
0.84
0.86
0.88
0.9
0.92
0.94
0.96
0.98
0.02
0.04
0.06
0.08
0.1
0.12
0.14
0.16
0.18
0.2
0.22
0.24
0.26
0.28
0.3
0.32
0.34
0.36
0.38
0.4
0.42
0.44
0.46
0.48
0.5
0.52
0.54
0.56
0.58
0.6
0.62
0.64
0.66
0.68
0.7
0.72
0.74
0.76
0.78
0.8
0.82
0.84
0.86
0.88
0.9
0.92
0.94
0.96
0.98
0.02
0.04
0.06
0.08
0.1
0.12
0.14
0.16
0.18
0.2
0.22
0.24
0.26
0.28
0.3
0.32
0.34
0.36
0.38
0.4
0.42
0.44
0.46
0.48
0.5
0.52
0.54
0.56
0.58
0.6
0.62
0.64
0.66
0.68
0.7
0.72
0.74
0.76
0.78
0.8
0.82
0.84
0.86
0.88
0.9
0.92
0.94
0.96
0.98
0.02
0.04
0.06
0.08
0.1
0.12
0.14
0.16
0.18
0.2
0.22
0.24
0.26
0.28
0.3
0.32
0.34
0.36
0.38
0.4
0.42
0.44
0.46
0.48
0.5
0.52
0.54
0.56
0.58
0.6
0.62
0.64
0.66
0.68
0.7
0.72
0.74
0.76
0.78
0.8
0.82
0.84
0.86
0.88
0.9
0.92
0.94
0.96
0.98
0.02
0.04
0.06
0.08
0.1
0.12
0.14
0.16
0.18
0.2
0.22
0.24
0.26
0.28
0.3
0.32
0.34
0.36
0.38
0.4
0.42
0.44
0.46
0.48
0.5
0.52
0.54
0.56
0.58
0.6
0.62
0.64
0.66
0.68
0.7
0.72
0.74
0.76
0.78
0.8
0.82
0.84
0.86
0.88
0.9
0.92
0.94
0.96
0.98
0.02
0.04
0.06
0.08
0.1
0.12
0.14
0.16
0.18
0.2
0.22
0.24
0.26
0.28
0.3
0.32
0.34
0.36
0.38
0.4
0.42
0.44
0.46
0.48
0.5
0.52
0.54
0.56
0.58
0.6
0.62
0.64
0.66
0.68
0.7
0.72
0.74
0.76
0.78
0.8
0.82
0.84
0.86
0.88
0.9
0.92
0.94
0.96
0.98
0.02
0.04
0.06
0.08
0.1
0.12
0.14
0.16
0.18
0.2
0.22
0.24
0.26
0.28
0.3
0.32
0.34
0.36
0.38
0.4
0.42
0.44
0.46
0.48
0.5
0.52
0.54
0.56
0.58
0.6
0.62
0.64
0.66
0.68
0.7
0.72
0.74
0.76
0.78
0.8
0.82
0.84
0.86
0.88
0.9
0.92
0.94
0.96
0.98

0.000109477
0.000328883
0.000549646
0.000772682
0.000998915
0.00122929
0.00146478
0.00170637
0.00195511
0.00221206
0.00247836
0.00275519
0.00304381
0.00334555
0.00366185
0.00399423
0.00434438
0.00471408
0.00510534
0.00552031
0.00596142
0.00643136
0.00693314
0.00747018
0.00804635
0.00866612
0.00933462
0.0100579
0.0108429
0.0116981
0.0126335
0.0136613
0.0147963
0.0160571
0.0174668
0.0190552
0.0208607
0.0229341
0.0253444
0.0281867
0.0315971
0.035777
0.0410381
0.0478908
0.0572367
0.0708401
0.092662
0.133256
0.226432
0.499891
0.000327979
0.00098529
0.00164667
0.00231485
0.0029926
0.00368276
0.00438822
0.00511197
0.0058571
0.00662683
0.00742454
0.00825378
0.00911829
0.0100221
0.0109694
0.0119649
0.0130136
0.0141207
0.0152923
0.0165348
0.0178554
0.0192622
0.0207642
0.0223714
0.0240955
0.0259496
0.0279491
0.0301118
0.0324585
0.0350141
0.0378082
0.0408766
0.0442632
0.0480222
0.0522218
0.0569484
0.062314
0.0684656
0.075601
0.0839919
0.0940218
0.10625
0.121523
0.141179
0.167453
0.204302
0.259214
0.347187
0.499015
0.772911
0.000545128
0.00163763
0.00273689
0.00384744
0.00497389
0.00612093
0.00729338
0.00849619
0.0097345
0.0110136
0.0123392
0.0137171
0.0151535
0.0166551
0.0182289
0.0198825
0.0216242
0.0234629
0.0254083
0.0274711
0.0296633
0.031998
0.0344899
0.0371558
0.0400145
0.0430878
0.0464005
0.0499817
0.0538653
0.0580916
0.0627085
0.0677736
0.0733576
0.0795469
0.0864497
0.0942028
0.102981
0.113013
0.124602
0.138158
0.154248
0.173678
0.197624
0.22785
0.267092
0.319702
0.392704
0.497263
0.649529
0.865649
0.00076003
0.00228322
0.00381581
0.00536413
0.00693458
0.0085337
0.0101682
0.0118449
0.0135711
0.015354
0.0172015
0.0191218
0.0211236
0.0232158
0.0254085
0.0277121
0.0301379
0.0326984
0.0354069
0.0382782
0.0413287
0.0445764
0.0480417
0.0517473
0.055719
0.0599864
0.0645834
0.0695491
0.0749295
0.0807785
0.0871604
0.094152
0.101847
0.110358
0.119828
0.130432
0.142395
0.156004
0.171637
0.18979
0.211135
0.236592
0.267444
0.305505
0.353365
0.414709
0.494636
0.599633
0.736188
0.905805
0.000971805
0.00291941
0.00487901
0.00685868
0.0088666
0.0109111
0.0130007
0.0151443
0.0173508
0.0196298
0.0219911
0.0244452
0.027003
0.0296762
0.0324772
0.0354194
0.038517
0.0417858
0.0452426
0.0489061
0.0527968
0.0569373
0.0613531
0.0660726
0.0711279
0.0765555
0.0823974
0.0887019
0.095525
0.102933
0.111003
0.119827
0.129519
0.140211
0.152071
0.165302
0.180161
0.196973
0.21615
0.238229
0.263909
0.29411
0.330055
0.373362
0.426154
0.491133
0.571498
0.670445
0.789786
0.927189
0.00117959
0.00354359
0.00592214
0.00832498
0.010762
0.0132434
0.0157794
0.0183806
0.0210581
0.0238232
0.026688
0.0296649
0.0327671
0.0360088
0.0394048
0.0429711
0.046725
0.0506851
0.0548717
0.0593068
0.064015
0.069023
0.0743609
0.0800621
0.0861644
0.0927104
0.099749
0.107336
0.115536
0.124425
0.13409
0.144637
0.156189
0.168897
0.182942
0.198544
0.215976
0.235575
0.257762
0.283068
0.312161
0.345886
0.385304
0.431732
0.486757
0.552173
0.629776
0.720865
0.825321
0.940354
0.00138253
0.00415325
0.00694096
0.00975708
0.0126132
0.0155211
0.0184928
0.0215407
0.0246777
0.027917
0.0312726
0.0347591
0.0383918
0.042187
0.046162
0.0503353
0.0547268
0.059358
0.0642521
0.0694346
0.0749333
0.0807789
0.0870053
0.0936506
0.100757
0.108373
0.116552
0.125357
0.134859
0.14514
0.156296
0.16844
0.181704
0.196247
0.212255
0.229957
0.249624
0.271589
0.296256
0.32412
0.355782
0.391967
0.433542
0.481507
0.536967
0.601024
0.67457
0.757916
0.850279
0.949262
0.00157983
0.00474592
0.00793137
0.0111492
0.0144126
0.0177349
0.0211299
0.0246117
0.0281949
0.0318946
0.0357265
0.0397072
0.043854
0.0481854
0.0527209
0.0574813
0.0624889
0.0677679
0.0733442
0.0792462
0.0855047
0.0921538
0.099231
0.106778
0.114841
0.123472
0.13273
0.142681
0.153402
0.164979
0.177514
0.191123
0.205942
0.22213
0.239877
0.259403
0.280973
0.304899
0.331554
0.361375
0.394879
0.43266
0.475388
0.523788
0.578581
0.640388
0.709562
0.785949
0.868619
0.955676
0.00177068
0.00531923
0.0088894
0.0124957
0.016153
0.019876
0.0236803
0.0275814
0.0315957
0.0357399
0.0400316
0.0444891
0.0491317
0.0539798
0.0590549
0.06438
0.0699798
0.0758805
0.0821106
0.0887011
0.0956856
0.103101
0.110987
0.119389
0.128356
0.137944
0.148214
0.159236
0.171088
0.183862
0.197658
0.212596
0.228809
0.246456
0.265718
0.286806
0.309966
0.335483
0.363684
0.394948
0.429698
0.468404
0.511564
0.559675
0.61318
0.672386
0.737341
0.807698
0.882574
0.960497
0.00195433
0.00587091
0.00981128
0.0137914
0.0178275
0.021936
0.0261337
0.030438
0.0348664
0.0394377
0.0441708
0.0490859
0.0542039
0.0595471
0.0651389
0.0710042
0.0771696
0.0836636
0.0905167
0.0977622
0.105436
0.113576
0.122227
0.131435
0.141251
0.151733
0.162946
0.174959
0.187854
0.201721
0.216662
0.232792
0.250243
0.269167
0.289733
0.312137
0.336603
0.36338
0.392753
0.425034
0.460562
0.499695
0.542789
0.590167
0.64208
0.698634
0.75972
0.824927
0.89348
0.964237
0.00213007
0.00639881
0.0106934
0.0150311
0.0194297
0.0239068
0.0284807
0.0331702
0.0379945
0.0429736
0.0481281
0.0534797
0.059051
0.0648658
0.0709494
0.0773283
0.0840309
0.0910875
0.0985306
0.106395
0.114719
0.123542
0.132911
0.142872
0.15348
0.164793
0.176876
0.189802
0.203649
0.218507
0.234475
0.251667
0.270206
0.290234
0.311909
0.335408
0.360927
0.388683
0.418914
0.451872
0.487822
0.527026
0.569728
0.616126
0.666337
0.72035
0.777978
0.838809
0.902185
0.967205
0.00229721
0.00690088
0.0115323
0.0162101
0.0209532
0.0257807
0.0307122
0.0357677
0.0409679
0.046334
0.0518883
0.0576537
0.0636545
0.0699158
0.0764645
0.0833286
0.0905381
0.0981249
0.106123
0.114569
0.123502
0.132964
0.143001
0.153663
0.165004
0.177083
0.189965
0.203722
0.218432
0.234181
0.251067
0.269194
0.28868
0.309655
0.332262
0.356658
0.383013
0.411511
0.442346
0.475719
0.511827
0.550859
0.592971
0.638272
0.686792
0.738451
0.793031
0.850148
0.909244
0.969603
0.00245512
0.00737519
0.0123248
0.0173238
0.0223923
0.0275506
0.0328196
0.0382205
0.0437752
0.0495063
0.0554373
0.0615925
0.0679974
0.0746786
0.0816641
0.0889836
0.0966682
0.104751
0.113268
0.122256
0.131755
0.14181
0.152466
0.163774
0.175789
0.188569
0.20218
0.216689
0.232175
0.248721
0.266416
0.285361
0.305665
0.327444
0.350826
0.375949
0.402957
0.432003
0.463242
0.496829
0.53291
0.571611
0.613026
0.6572
0.704107
0.753632
0.805548
0.859508
0.915041
0.971567
0.00260319
0.00781995
0.0130679
0.0183681
0.0237416
0.02921
0.0347951
0.0405195
0.0464061
0.0524788
0.0587621
0.0652816
0.072064
0.079137
0.0865299
0.0942734
0.1024
0.110944
0.119941
0.129431
0.139454
0.150054
0.161279
0.17318
0.185809
0.199226
0.213494
0.228681
0.244859
0.262109
0.280516
0.300171
0.321174
0.34363
0.367651
0.393354
0.420863
0.4503
0.481789
0.515445
0.551372
0.589648
0.630322
0.673394
0.718805
0.766421
0.816021
0.867296
0.919844
0.973191
0.00274087
0.0082335
0.0137589
0.019339
0.024996
0.0307525
0.0366314
0.0426562
0.048851
0.0552406
0.0618507
0.0687079
0.0758399
0.0832755
0.091045
0.0991801
0.107714
0.116683
0.126122
0.136072
0.146575
0.157674
0.169418
0.181855
0.195041
0.209032
0.22389
0.23968
0.256472
0.274341
0.293367
0.313633
0.33523
0.35825
0.382792
0.408955
0.43684
0.466547
0.49817
0.531792
0.567483
0.605288
0.64522
0.68725
0.731299
0.777225
0.824821
0.873809
0.923849
0.974542
0.00286765
0.0086143
0.0143951
0.0202329
0.0261509
0.0321726
0.0383218
0.0446229
0.0511011
0.057782
0.0646922
0.0718594
0.0793121
0.0870801
0.0951945
0.103688
0.112595
0.12195
0.131793
0.142162
0.153099
0.16465
0.176862
0.189783
0.203468
0.217972
0.233354
0.249677
0.267008
0.285417
0.304977
0.325765
0.347862
0.37135
0.396312
0.422833
0.450996
0.480878
0.51255
0.54607
0.581481
0.618801
0.658019
0.699087
0.741914
0.786359
0.832227
0.879273
0.927199
0.975671
0.00298307
0.00896098
0.0149743
0.0210467
0.0272022
0.0334651
0.0398602
0.0464127
0.0531484
0.060094
0.0672769
0.0747254
0.082469
0.0905383
0.0989651
0.107783
0.117026
0.126731
0.136936
0.147682
0.159011
0.170966
0.183596
0.196948
0.211076
0.226033
0.241876
0.258667
0.276467
0.295341
0.315359
0.336589
0.359104
0.382974
0.408273
0.43507
0.463432
0.493419
0.525081
0.558458
0.59357
0.630416
0.668968
0.709166
0.750913
0.79407
0.838457
0.883855
0.930003
0.976615
0.00308671
0.00927228
0.0154943
0.0217774
0.0281461
0.0346256
0.0412412
0.0480191
0.0549858
0.0621687
0.0695958
0.0772963
0.0853003
0.093639
0.102345
0.111452
0.120995
0.131011
0.14154
0.15262
0.164295
0.176608
0.189606
0.203338
0.217854
0.233207
0.249452
0.266647
0.28485
0.304123
0.324528
0.346129
0.368989
0.393171
0.418736
0.445743
0.474243
0.504284
0.535899
0.569111
0.603924
0.640325
0.678271
0.717696
0.7585
0.80055
0.843678
0.887685
0.932344
0.977403
0.0031782
0.00954708
0.0159534
0.0224223
0.0289792
0.0356498
0.0424601
0.0494368
0.0566071
0.0639991
0.0716414
0.0795638
0.0877968
0.0963725
0.105324
0.114685
0.124491
0.13478
0.145591
0.156963
0.16894
0.181565
0.194883
0.208944
0.223795
0.239489
0.256078
0.273618
0.292164
0.311772
0.332502
0.354409
0.377551
0.401984
0.427757
0.454921
0.483515
0.513574
0.54512
0.578161
0.612692
0.648687
0.686096
0.724848
0.764842
0.805951
0.848019
0.890865
0.934284
0.978055
0.00325722
0.00978442
0.0163499
0.0229794
0.0296987
0.0365342
0.0435125
0.0506608
0.0580068
0.0655791
0.0734069
0.0815205
0.0899509
0.0987304
0.107893
0.117472
0.127504
0.138027
0.14908
0.160703
0.172937
0.185828
0.199419
0.213758
0.228894
0.244876
0.261755
0.279583
0.298414
0.318301
0.339297
0.361455
0.384825
0.409455
0.43539
0.462668
0.491323
0.521377
0.552844
0.585723
0.619997
0.655634
0.692579
0.730757
0.770069
0.810393
0.851582
0.89347
0.935873
0.978589
0.0033235
0.00998347
0.0166824
0.0234465
0.0303021
0.0372759
0.044395
0.051687
0.0591803
0.0669036
0.0748867
0.0831603
0.0917558
0.100706
0.110044
0.119806
0.130027
0.140745
0.151999
0.16383
0.176279
0.18939
0.203207
0.217777
0.233146
0.249365
0.266481
0.284546
0.303609
0.323721
0.344931
0.367288
0.390837
0.415621
0.441678
0.469039
0.497731
0.527768
0.559157
0.591888
0.62594
0.661272
0.697829
0.735532
0.774285
0.813968
0.854446
0.895563
0.937147
0.979017
0.00337679
0.0101435
0.0169498
0.0238221
0.0307872
0.0378722
0.0451045
0.0525121
0.0601236
0.0679683
0.0760762
0.0844782
0.0932062
0.102293
0.111773
0.12168
0.132053
0.142927
0.154342
0.166339
0.178959
0.192245
0.206242
0.220995
0.23655
0.252956
0.27026
0.28851
0.307755
0.328042
0.349419
0.371929
0.395615
0.420515
0.446661
0.474081
0.502793
0.532809
0.564126
0.596733
0.630601
0.665687
0.701932
0.739258
0.777569
0.81675
0.856672
0.897187
0.938136
0.979349
0.00341692
0.0102641
0.0171512
0.024105
0.0311525
0.0383212
0.0456387
0.0531333
0.0608338
0.0687697
0.0769714
0.0854701
0.0942976
0.103487
0.113073
0.123091
0.133576
0.144567
0.156104
0.168225
0.180973
0.19439
0.208521
0.22341
0.239104
0.255649
0.273091
0.291479
0.310858
0.331275
0.352773
0.375395
0.39918
0.424162
0.45037
0.477829
0.506552
0.536547
0.567807
0.600316
0.634044
0.668944
0.704955
0.741999
0.779982
0.818792
0.858304
0.898377
0.93886
0.979592
0.00344375
0.0103446
0.0172858
0.0242941
0.0313968
0.0386214
0.0459958
0.0535485
0.0613085
0.0693054
0.0775698
0.086133
0.0950271
0.104285
0.113942
0.124033
0.134594
0.145663
0.15728
0.169484
0.182317
0.195822
0.210042
0.225022
0.240807
0.257444
0.274978
0.293456
0.312924
0.333425
0.355003
0.377698
0.401547
0.426582
0.45283
0.480312
0.509041
0.539019
0.570239
0.602682
0.636314
0.671089
0.706944
0.743802
0.781568
0.820133
0.859375
0.899158
0.939335
0.979751
0.00345719
0.010385
0.0173532
0.0243888
0.0315191
0.0387717
0.0461747
0.0537565
0.0615462
0.0695737
0.0778695
0.0864649
0.0953923
0.104685
0.114377
0.124504
0.135103
0.146212
0.157868
0.170114
0.18299
0.196538
0.210802
0.225828
0.241659
0.258341
0.275921
0.294445
0.313956
0.334499
0.356117
0.378847
0.402728
0.427788
0.454056
0.481549
0.51028
0.540249
0.571448
0.603857
0.637442
0.672154
0.707931
0.744695
0.782353
0.820797
0.859906
0.899545
0.93957
0.97983
0.00345719
0.010385
0.0173532
0.0243888
0.0315191
0.0387717
0.0461747
0.0537565
0.0615462
0.0695737
0.0778695
0.0864649
0.0953923
0.104685
0.114377
0.124504
0.135103
0.146212
0.157868
0.170114
0.18299
0.196538
0.210802
0.225828
0.241659
0.258341
0.275921
0.294445
0.313956
0.334499
0.356117
0.378847
0.402728
0.427788
0.454056
0.481549
0.51028
0.540249
0.571448
0.603857
0.637442
0.672154
0.707931
0.744695
0.782353
0.820797
0.859906
0.899545
0.93957
0.97983
0.00344375
0.0103446
0.0172858
0.0242941
0.0313968
0.0386214
0.0459958
0.0535485
0.0613085
0.0693054
0.0775698
0.086133
0.0950271
0.104285
0.113942
0.124033
0.134594
0.145663
0.15728
0.169484
0.182317
0.195822
0.210042
0.225022
0.240807
0.257444
0.274978
0.293456
0.312924
0.333425
0.355003
0.377698
0.401547
0.426582
0.45283
0.480312
0.509041
0.539019
0.570239
0.602682
0.636314
0.671089
0.706944
0.743802
0.781568
0.820133
0.859375
0.899158
0.939335
0.979751
0.00341692
0.0102641
0.0171512
0.024105
0.0311525
0.0383212
0.0456387
0.0531333
0.0608338
0.0687697
0.0769714
0.0854701
0.0942976
0.103487
0.113073
0.123091
0.133576
0.144567
0.156104
0.168225
0.180973
0.19439
0.208521
0.22341
0.239104
0.255649
0.273091
0.291479
0.310858
0.331275
0.352773
0.375395
0.39918
0.424162
0.45037
0.477829
0.506552
0.536547
0.567807
0.600316
0.634044
0.668944
0.704955
0.741999
0.779982
0.818792
0.858304
0.898377
0.93886
0.979592
0.00337679
0.0101435
0.0169498
0.0238221
0.0307872
0.0378722
0.0451045
0.0525121
0.0601236
0.0679683
0.0760762
0.0844782
0.0932062
0.102293
0.111773
0.12168
0.132053
0.142927
0.154342
0.166339
0.178959
0.192245
0.206242
0.220995
0.23655
0.252956
0.27026
0.28851
0.307755
0.328042
0.349419
0.371929
0.395615
0.420515
0.446661
0.474081
0.502793
0.532809
0.564126
0.596733
0.630601
0.665687
0.701932
0.739258
0.777569
0.81675
0.856672
0.897187
0.938136
0.979349
0.0033235
0.00998347
0.0166824
0.0234465
0.0303021
0.0372759
0.044395
0.051687
0.0591803
0.0669036
0.0748867
0.0831603
0.0917558
0.100706
0.110044
0.119806
0.130027
0.140745
0.151999
0.16383
0.176279
0.18939
0.203207
0.217777
0.233146
0.249365
0.266481
0.284546
0.303609
0.323721
0.344931
0.367288
0.390837
0.415621
0.441678
0.469039
0.497731
0.527768
0.559157
0.591888
0.62594
0.661272
0.697829
0.735532
0.774285
0.813968
0.854446
0.895563
0.937147
0.979017
0.00325722
0.00978442
0.0163499
0.0229794
0.0296987
0.0365342
0.0435125
0.0506608
0.0580068
0.0655791
0.0734069
0.0815205
0.0899509
0.0987304
0.107893
0.117472
0.127504
0.138027
0.14908
0.160703
0.172937
0.185828
0.199419
0.213758
0.228894
0.244876
0.261755
0.279583
0.298414
0.318301
0.339297
0.361455
0.384825
0.409455
0.43539
0.462668
0.491323
0.521377
0.552844
0.585723
0.619997
0.655634
0.692579
0.730757
0.770069
0.810393
0.851582
0.89347
0.935873
0.978589
0.0031782
0.00954708
0.0159534
0.0224223
0.0289792
0.0356498
0.0424601
0.0494368
0.0566071
0.0639991
0.0716414
0.0795638
0.0877968
0.0963725
0.105324
0.114685
0.124491
0.13478
0.145591
0.156963
0.16894
0.181565
0.194883
0.208944
0.223795
0.239489
0.256078
0.273618
0.292164
0.311772
0.332502
0.354409
0.377551
0.401984
0.427757
0.454921
0.483515
0.513574
0.54512
0.578161
0.612692
0.648687
0.686096
0.724848
0.764842
0.805951
0.848019
0.890865
0.934284
0.978055
0.00308671
0.00927228
0.0154943
0.0217774
0.0281461
0.0346256
0.0412412
0.0480191
0.0549858
0.0621687
0.0695958
0.0772963
0.0853003
0.093639
0.102345
0.111452
0.120995
0.131011
0.14154
0.15262
0.164295
0.176608
0.189606
0.203338
0.217854
0.233207
0.249452
0.266647
0.28485
0.304123
0.324528
0.346129
0.368989
0.393171
0.418736
0.445743
0.474243
0.504284
0.535899
0.569111
0.603924
0.640325
0.678271
0.717696
0.7585
0.80055
0.843678
0.887685
0.932344
0.977403
0.00298307
0.00896098
0.0149743
0.0210467
0.0272022
0.0334651
0.0398602
0.0464127
0.0531484
0.060094
0.0672769
0.0747254
0.082469
0.0905383
0.0989651
0.107783
0.117026
0.126731
0.136936
0.147682
0.159011
0.170966
0.183596
0.196948
0.211076
0.226033
0.241876
0.258667
0.276467
0.295341
0.315359
0.336589
0.359104
0.382974
0.408273
0.43507
0.463432
0.493419
0.525081
0.558458
0.59357
0.630416
0.668968
0.709166
0.750913
0.79407
0.838457
0.883855
0.930003
0.976615
0.00286765
0.0086143
0.0143951
0.0202329
0.0261509
0.0321726
0.0383218
0.0446229
0.0511011
0.057782
0.0646922
0.0718594
0.0793121
0.0870801
0.0951945
0.103688
0.112595
0.12195
0.131793
0.142162
0.153099
0.16465
0.176862
0.189783
0.203468
0.217972
0.233354
0.249677
0.267008
0.285417
0.304977
0.325765
0.347862
0.37135
0.396312
0.422833
0.450996
0.480878
0.51255
0.54607
0.581481
0.618801
0.658019
0.699087
0.741914
0.786359
0.832227
0.879273
0.927199
0.975671
0.00274087
0.0082335
0.0137589
0.019339
0.024996
0.0307525
0.0366314
0.0426562
0.048851
0.0552406
0.0618507
0.0687079
0.0758399
0.0832755
0.091045
0.0991801
0.107714
0.116683
0.126122
0.136072
0.146575
0.157674
0.169418
0.181855
0.195041
0.209032
0.22389
0.23968
0.256472
0.274341
0.293367
0.313633
0.33523
0.35825
0.382792
0.408955
0.43684
0.466547
0.49817
0.531792
0.567483
0.605288
0.64522
0.68725
0.731299
0.777225
0.824821
0.873809
0.923849
0.974542
0.00260319
0.00781995
0.0130679
0.0183681
0.0237416
0.02921
0.0347951
0.0405195
0.0464061
0.0524788
0.0587621
0.0652816
0.072064
0.079137
0.0865299
0.0942734
0.1024
0.110944
0.119941
0.129431
0.139454
0.150054
0.161279
0.17318
0.185809
0.199226
0.213494
0.228681
0.244859
0.262109
0.280516
0.300171
0.321174
0.34363
0.367651
0.393354
0.420863
0.4503
0.481789
0.515445
0.551372
0.589648
0.630322
0.673394
0.718805
0.766421
0.816021
0.867296
0.919844
0.973191
0.00245512
0.00737519
0.0123248
0.0173238
0.0223923
0.0275506
0.0328196
0.0382205
0.0437752
0.0495063
0.0554373
0.0615925
0.0679974
0.0746786
0.0816641
0.0889836
0.0966682
0.104751
0.113268
0.122256
0.131755
0.14181
0.152466
0.163774
0.175789
0.188569
0.20218
0.216689
0.232175
0.248721
0.266416
0.285361
0.305665
0.327444
0.350826
0.375949
0.402957
0.432003
0.463242
0.496829
0.53291
0.571611
0.613026
0.6572
0.704107
0.753632
0.805548
0.859508
0.915041
0.971567
0.00229721
0.00690088
0.0115323
0.0162101
0.0209532
0.0257807
0.0307122
0.0357677
0.0409679
0.046334
0.0518883
0.0576537
0.0636545
0.0699158
0.0764645
0.0833286
0.0905381
0.0981249
0.106123
0.114569
0.123502
0.132964
0.143001
0.153663
0.165004
0.177083
0.189965
0.203722
0.218432
0.234181
0.251067
0.269194
0.28868
0.309655
0.332262
0.356658
0.383013
0.411511
0.442346
0.475719
0.511827
0.550859
0.592971
0.638272
0.686792
0.738451
0.793031
0.850148
0.909244
0.969603
0.00213007
0.00639881
0.0106934
0.0150311
0.0194297
0.0239068
0.0284807
0.0331702
0.0379945
0.0429736
0.0481281
0.0534797
0.059051
0.0648658
0.0709494
0.0773283
0.0840309
0.0910875
0.0985306
0.106395
0.114719
0.123542
0.132911
0.142872
0.15348
0.164793
0.176876
0.189802
0.203649
0.218507
0.234475
0.251667
0.270206
0.290234
0.311909
0.335408
0.360927
0.388683
0.418914
0.451872
0.487822
0.527026
0.569728
0.616126
0.666337
0.72035
0.777978
0.838809
0.902185
0.967205
0.00195433
0.00587091
0.00981128
0.0137914
0.0178275
0.021936
0.0261337
0.030438
0.0348664
0.0394377
0.0441708
0.0490859
0.0542039
0.0595471
0.0651389
0.0710042
0.0771696
0.0836636
0.0905167
0.0977622
0.105436
0.113576
0.122227
0.131435
0.141251
0.151733
0.162946
0.174959
0.187854
0.201721
0.216662
0.232792
0.250243
0.269167
0.289733
0.312137
0.336603
0.36338
0.392753
0.425034
0.460562
0.499695
0.542789
0.590167
0.64208
0.698634
0.75972
0.824927
0.89348
0.964237
0.00177068
0.00531923
0.0088894
0.0124957
0.016153
0.019876
0.0236803
0.0275814
0.0315957
0.0357399
0.0400316
0.0444891
0.0491317
0.0539798
0.0590549
0.06438
0.0699798
0.0758805
0.0821106
0.0887011
0.0956856
0.103101
0.110987
0.119389
0.128356
0.137944
0.148214
0.159236
0.171088
0.183862
0.197658
0.212596
0.228809
0.246456
0.265718
0.286806
0.309966
0.335483
0.363684
0.394948
0.429698
0.468404
0.511564
0.559675
0.61318
0.672386
0.737341
0.807698
0.882574
0.960497
0.00157983
0.00474592
0.00793137
0.0111492
0.0144126
0.0177349
0.0211299
0.0246117
0.0281949
0.0318946
0.0357265
0.0397072
0.043854
0.0481854
0.0527209
0.0574813
0.0624889
0.0677679
0.0733442
0.0792462
0.0855047
0.0921538
0.099231
0.106778
0.114841
0.123472
0.13273
0.142681
0.153402
0.164979
0.177514
0.191123
0.205942
0.22213
0.239877
0.259403
0.280973
0.304899
0.331554
0.361375
0.394879
0.43266
0.475388
0.523788
0.578581
0.640388
0.709562
0.785949
0.868619
0.955676
0.00138253
0.00415325
0.00694096
0.00975708
0.0126132
0.0155211
0.0184928
0.0215407
0.0246777
0.027917
0.0312726
0.0347591
0.0383918
0.042187
0.046162
0.0503353
0.0547268
0.059358
0.0642521
0.0694346
0.0749333
0.0807789
0.0870053
0.0936506
0.100757
0.108373
0.116552
0.125357
0.134859
0.14514
0.156296
0.16844
0.181704
0.196247
0.212255
0.229957
0.249624
0.271589
0.296256
0.32412
0.355782
0.391967
0.433542
0.481507
0.536967
0.601024
0.67457
0.757916
0.850279
0.949262
0.00117959
0.00354359
0.00592214
0.00832498
0.010762
0.0132434
0.0157794
0.0183806
0.0210581
0.0238232
0.026688
0.0296649
0.0327671
0.0360088
0.0394048
0.0429711
0.046725
0.0506851
0.0548717
0.0593068
0.064015
0.069023
0.0743609
0.0800621
0.0861644
0.0927104
0.099749
0.107336
0.115536
0.124425
0.13409
0.144637
0.156189
0.168897
0.182942
0.198544
0.215976
0.235575
0.257762
0.283068
0.312161
0.345886
0.385304
0.431732
0.486757
0.552173
0.629776
0.720865
0.825321
0.940354
0.000971805
0.00291941
0.00487901
0.00685868
0.0088666
0.0109111
0.0130007
0.0151443
0.0173508
0.0196298
0.0219911
0.0244452
0.027003
0.0296762
0.0324772
0.0354194
0.038517
0.0417858
0.0452426
0.0489061
0.0527968
0.0569373
0.0613531
0.0660726
0.0711279
0.0765555
0.0823974
0.0887019
0.095525
0.102933
0.111003
0.119827
0.129519
0.140211
0.152071
0.165302
0.180161
0.196973
0.21615
0.238229
0.263909
0.29411
0.330055
0.373362
0.426154
0.491133
0.571498
0.670445
0.789786
0.927189
0.00076003
0.00228322
0.00381581
0.00536413
0.00693458
0.0085337
0.0101682
0.0118449
0.0135711
0.015354
0.0172015
0.0191218
0.0211236
0.0232158
0.0254085
0.0277121
0.0301379
0.0326984
0.0354069
0.0382782
0.0413287
0.0445764
0.0480417
0.0517473
0.055719
0.0599864
0.0645834
0.0695491
0.0749295
0.0807785
0.0871604
0.094152
0.101847
0.110358
0.119828
0.130432
0.142395
0.156004
0.171637
0.18979
0.211135
0.236592
0.267444
0.305505
0.353365
0.414709
0.494636
0.599633
0.736188
0.905805
0.000545128
0.00163763
0.00273689
0.00384744
0.00497389
0.00612093
0.00729338
0.00849619
0.0097345
0.0110136
0.0123392
0.0137171
0.0151535
0.0166551
0.0182289
0.0198825
0.0216242
0.0234629
0.0254083
0.0274711
0.0296633
0.031998
0.0344899
0.0371558
0.0400145
0.0430878
0.0464005
0.0499817
0.0538653
0.0580916
0.0627085
0.0677736
0.0733576
0.0795469
0.0864497
0.0942028
0.102981
0.113013
0.124602
0.138158
0.154248
0.173678
0.197624
0.22785
0.267092
0.319702
0.392704
0.497263
0.649529
0.865649
0.000327979
0.00098529
0.00164667
0.00231485
0.0029926
0.00368276
0.00438822
0.00511197
0.0058571
0.00662683
0.00742454
0.00825378
0.00911829
0.0100221
0.0109694
0.0119649
0.0130136
0.0141207
0.0152923
0.0165348
0.0178554
0.0192622
0.0207642
0.0223714
0.0240955
0.0259496
0.0279491
0.0301118
0.0324585
0.0350141
0.0378082
0.0408766
0.0442632
0.0480222
0.0522218
0.0569484
0.062314
0.0684656
0.075601
0.0839919
0.0940218
0.10625
0.121523
0.141179
0.167453
0.204302
0.259214
0.347187
0.499015
0.772911
0.000109477
0.000328883
0.000549646
0.000772682
0.000998915
0.00122929
0.00146478
0.00170637
0.00195511
0.00221206
0.00247836
0.00275519
0.00304381
0.00334555
0.00366185
0.00399423
0.00434438
0.00471408
0.00510534
0.00552031
0.00596142
0.00643136
0.00693314
0.00747018
0.00804635
0.00866612
0.00933462
0.0100579
0.0108429
0.0116981
0.0126335
0.0136613
0.0147963
0.0160571
0.0174668
0.0190552
0.0208607
0.0229341
0.0253444
0.0281867
0.0315971
0.035777
0.0410381
0.0478908
0.0572367
0.0708401
0.092662
0.133256
0.226432
0.499891


1	5	201	200	
200	201	202	199	
199	202	203	198	
198	203	204	197	
197	204	205	196	
196	205	206	195	
195	206	207	194	
194	207	208	193	
193	208	209	192	
192	209	210	191	
191	210	211	190	
190	211	212	189	
189	212	213	188	
188	213	214	187	
187	214	215	186	
186	215	216	185	
185	216	217	184	
184	217	218	183	
183	218	219	182	
182	219	220	181	
181	220	221	180	
180	221	222	179	
179	222	223	178	
178	223	224	177	
177	224	225	176	
176	225	226	175	
175	226	227	174	
174	227	228	173	
173	228	229	172	
172	229	230	171	
171	230	231	170	
170	231	232	169	
169	232	233	168	
168	233	234	167	
167	234	235	166	
166	235	236	165	
165	236	237	164	
164	237	238	163	
163	238	239	162	
162	239	240	161	
161	240	241	160	
160	241	242	159	
159	242	243	158	
158	243	244	157	
157	244	245	156	
156	245	246	155	
155	246	247	154	
154	247	248	153	
153	248	249	152	
152	249	151	4	
5	6	250	201	
201	250	251	202	
202	251	252	203	
203	252	253	204	
204	253	254	205	
205	254	255	206	
206	255	256	207	
207	256	257	208	
208	257	258	209	
209	258	259	210	
210	259	260	211	
211	260	261	212	
212	261	262	213	
213	262	263	214	
214	263	264	215	
215	264	265	216	
216	265	266	217	
217	266	267	218	
218	267	268	219	
219	268	269	220	
220	269	270	221	
221	270	271	222	
222	271	272	223	
223	272	273	224	
224	273	274	225	
225	274	275	226	
226	275	276	227	
227	276	277	228	
228	277	278	229	
229	278	279	230	
230	279	280	231	
231	280	281	232	
232	281	282	233	
233	282	283	234	
234	283	284	235	
235	284	285	236	
236	285	286	237	
237	286	287	238	
238	287	288	239	
239	288	289	240	
240	289	290	241	
241	290	291	242	
242	291	292	243	
243	292	293	244	
244	293	294	245	
245	294	295	246	
246	295	296	247	
247	296	297	248	
248	297	298	249	
249	298	150	151	
6	7	299	250	
250	299	300	251	
251	300	301	252	
252	301	302	253	
253	302	303	254	
254	303	304	255	
255	304	305	256	
256	305	306	257	
257	306	307	258	
258	307	308	259	
259	308	309	260	
260	309	310	261	
261	310	311	262	
262	311	312	263	
263	312	313	264	
264	313	314	265	
265	314	315	266	
266	315	316	267	
267	316	317	268	
268	317	318	269	
269	318	319	270	
270	319	320	271	
271	320	321	272	
272	321	322	273	
273	322	323	274	
274	323	324	275	
275	324	325	276	
276	325	326	277	
277	326	327	278	
278	327	328	279	
279	328	329	280	
280	329	330	281	
281	330	331	282	
282	331	332	283	
283	332	333	284	
284	333	334	285	
285	334	335	286	
286	335	336	287	
287	336	337	288	
288	337	338	289	
289	338	339	290	
290	339	340	291	
291	340	341	292	
292	341	342	293	
293	342	343	294	
294	343	344	295	
295	344	345	296	
296	345	346	297	
297	346	347	298	
298	347	149	150	
7	8	348	299	
299	348	349	300	
300	349	350	301	
301	350	351	302	
302	351	352	303	
303	352	353	304	
304	353	354	305	
305	354	355	306	
306	355	356	307	
307	356	357	308	
308	357	358	309	
309	358	359	310	
310	359	360	311	
311	360	361	312	
312	361	362	313	
313	362	363	314	
314	363	364	315	
315	364	365	316	
316	365	366	317	
317	366	367	318	
318	367	368	319	
319	368	369	320	
320	369	370	321	
321	370	371	322	
322	371	372	323	
323	372	373	324	
324	373	374	325	
325	374	375	326	
326	375	376	327	
327	376	377	328	
328	377	378	329	
329	378	379	330	
330	379	380	331	
331	380	381	332	
332	381	382	333	
333	382	383	334	
334	383	384	335	
335	384	385	336	
336	385	386	337	
337	386	387	338	
338	387	388	339	
339	388	389	340	
340	389	390	341	
341	390	391	342	
342	391	392	343	
343	392	393	344	
344	393	394	345	
345	394	395	346	
346	395	396	347	
347	396	148	149	
8	9	397	348	
348	397	398	349	
349	398	399	350	
350	399	400	351	
351	400	401	352	
352	401	402	353	
353	402	403	354	
354	403	404	355	
355	404	405	356	
356	405	406	357	
357	406	407	358	
358	407	408	359	
359	408	409	360	
360	409	410	361	
361	410	411	362	
362	411	412	363	
363	412	413	364	
364	413	414	365	
365	414	415	366	
366	415	416	367	
367	416	417	368	
368	417	418	369	
369	418	419	370	
370	419	420	371	
371	420	421	372	
372	421	422	373	
373	422	423	374	
374	423	424	375	
375	424	425	376	
376	425	426	377	
377	426	427	378	
378	427	428	379	
379	428	429	380	
380	429	430	381	
381	430	431	382	
382	431	432	383	
383	432	433	384	
384	433	434	385	
385	434	435	386	
386	435	436	387	
387	436	437	388	
388	437	438	389	
389	438	439	390	
390	439	440	391	
391	440	441	392	
392	441	442	393	
393	442	443	394	
394	443	444	395	
395	444	445	396	
396	445	147	148	
9	10	446	397	
397	446	447	398	
398	447	448	399	
399	448	449	400	
400	449	450	401	
401	450	451	402	
402	451	452	403	
403	452	453	404	
404	453	454	405	
405	454	455	406	
406	455	456	407	
407	456	457	408	
408	457	458	409	
409	458	459	410	
410	459	460	411	
411	460	461	412	
412	461	462	413	
413	462	463	414	
414	463	464	415	
415	464	465	416	
416	465	466	417	
417	466	467	418	
418	467	468	419	
419	468	469	420	
420	469	470	421	
421	470	471	422	
422	471	472	423	
423	472	473	424	
424	473	474	425	
425	474	475	426	
426	475	476	427	
427	476	477	428	
428	477	478	429	
429	478	479	430	
430	479	480	431	
431	480	481	432	
432	481	482	433	
433	482	483	434	
434	483	484	435	
435	484	485	436	
436	485	486	437	
437	486	487	438	
438	487	488	439	
439	488	489	440	
440	489	490	441	
441	490	491	442	
442	491	492	443	
443	492	493	444	
444	493	494	445	
445	494	146	147	
10	11	495	446	
446	495	496	447	
447	496	497	448	
448	497	498	449	
449	498	499	450	
450	499	500	451	
451	500	501	452	
452	501	502	453	
453	502	503	454	
454	503	504	455	
455	504	505	456	
456	505	506	457	
457	506	507	458	
458	507	508	459	
459	508	509	460	
460	509	510	461	
461	510	511	462	
462	511	512	463	
463	512	513	464	
464	513	514	465	
465	514	515	466	
466	515	516	467	
467	516	517	468	
468	517	518	469	
469	518	519	470	
470	519	520	471	
471	520	521	472	
472	521	522	473	
473	522	523	474	
474	523	524	475	
475	524	525	476	
476	525	526	477	
477	526	527	478	
478	527	528	479	
479	528	529	480	
480	529	530	481	
481	530	531	482	
482	531	532	483	
483	532	533	484	
484	533	534	485	
485	534	535	486	
486	535	536	487	
487	536	537	488	
488	537	538	489	
489	538	539	490	
490	539	540	491	
491	540	541	492	
492	541	542	493	
493	542	543	494	
494	543	145	146	
11	12	544	495	
495	544	545	496	
496	545	546	497	
497	546	547	498	
498	547	548	499	
499	548	549	500	
500	549	550	501	
501	550	551	502	
502	551	552	503	
503	552	553	504	
504	553	554	505	
505	554	555	506	
506	555	556	507	
507	556	557	508	
508	557	558	509	
509	558	559	510	
510	559	560	511	
511	560	561	512	
512	561	562	513	
513	562	563	514	
514	563	564	515	
515	564	565	516	
516	565	566	517	
517	566	567	518	
518	567	568	519	
519	568	569	520	
520	569	570	521	
521	570	571	522	
522	571	572	523	
523	572	573	524	
524	573	574	525	
525	574	575	526	
526	575	576	527	
527	576	577	528	
528	577	578	529	
529	578	579	530	
530	579	580	531	
531	580	581	532	
532	581	582	533	
533	582	583	534	
534	583	584	535	
535	584	585	536	
536	585	586	537	
537	586	587	538	
538	587	588	539	
539	588	589	540	
540	589	590	541	
541	590	591	542	
542	591	592	543	
543	592	144	145	
12	13	593	544	
544	593	594	545	
545	594	595	546	
546	595	596	547	
547	596	597	548	
548	597	598	549	
549	598	599	550	
550	599	600	551	
551	600	601	552	
552	601	602	553	
553	602	603	554	
554	603	604	555	
555	604	605	556	
556	605	606	557	
557	606	607	558	
558	607	608	559	
559	608	609	560	
560	609	610	561	
561	610	611	562	
562	611	612	563	
563	612	613	564	
564	613	614	565	
565	614	615	566	
566	615	616	567	
567	616	617	568	
568	617	618	569	
569	618	619	570	
570	619	620	571	
571	620	621	572	
572	621	622	573	
573	622	623	574	
574	623	624	575	
575	624	625	576	
576	625	626	577	
577	626	627	578	
578	627	628	579	
579	628	629	580	
580	629	630	581	
581	630	631	582	
582	631	632	583	
583	632	633	584	
584	633	634	585	
585	634	635	586	
586	635	636	587	
587	636	637	588	
588	637	638	589	
589	638	639	590	
590	639	640	591	
591	640	641	592	
592	641	143	144	
13	14	642	593	
593	642	643	594	
594	643	644	595	
595	644	645	596	
596	645	646	597	
597	646	647	598	
598	647	648	599	
599	648	649	600	
600	649	650	601	
601	650	651	602	
602	651	652	603	
603	652	653	604	
604	653	654	605	
605	654	655	606	
606	655	656	607	
607	656	657	608	
608	657	658	609	
609	658	659	610	
610	659	660	611	
611	660	661	612	
612	661	662	613	
613	662	663	614	
614	663	664	615	
615	664	665	616	
616	665	666	617	
617	666	667	618	
618	667	668	619	
619	668	669	620	
620	669	670	621	
621	670	671	622	
622	671	672	623	
623	672	673	624	
624	673	674	625	
625	674	675	626	
626	675	676	627	
627	676	677	628	
628	677	678	629	
629	678	679	630	
630	679	680	631	
631	680	681	632	
632	681	682	633	
633	682	683	634	
634	683	684	635	
635	684	685	636	
636	685	686	637	
637	686	687	638	
638	687	688	639	
639	688	689	640	
640	689	690	641	
641	690	142	143	
14	15	691	642	
642	691	692	643	
643	692	693	644	
644	693	694	645	
645	694	695	646	
646	695	696	647	
647	696	697	648	
648	697	698	649	
649	698	699	650	
650	699	700	651	
651	700	701	652	
652	701	702	653	
653	702	703	654	
654	703	704	655	
655	704	705	656	
656	705	706	657	
657	706	707	658	
658	707	708	659	
659	708	709	660	
660	709	710	661	
661	710	711	662	
662	711	712	663	
663	712	713	664	
664	713	714	665	
665	714	715	666	
666	715	716	667	
667	716	717	668	
668	717	718	669	
669	718	719	670	
670	719	720	671	
671	720	721	672	
672	721	722	673	
673	722	723	674	
674	723	724	675	
675	724	725	676	
676	725	726	677	
677	726	727	678	
678	727	728	679	
679	728	729	680	
680	729	730	681	
681	730	731	682	
682	731	732	683	
683	732	733	684	
684	733	734	685	
685	734	735	686	
686	735	736	687	
687	736	737	688	
688	737	738	689	
689	738	739	690	
690	739	141	142	
15	16	740	691	
691	740	741	692	
692	741	742	693	
693	742	743	694	
694	743	744	695	
695	744	745	696	
696	745	746	697	
697	746	747	698	
698	747	748	699	
699	748	749	700	
700	749	750	701	
701	750	751	702	
702	751	752	703	
703	752	753	704	
704	753	754	705	
705	754	755	706	
706	755	756	707	
707	756	757	708	
708	757	758	709	
709	758	759	710	
710	759	760	711	
711	760	761	712	
712	761	762	713	
713	762	763	714	
714	763	764	715	
715	764	765	716	
716	765	766	717	
717	766	767	718	
718	767	768	719	
719	768	769	720	
720	769	770	721	
721	770	771	722	
722	771	772	723	
723	772	773	724	
724	773	774	725	
725	774	775	726	
726	775	776	727	
727	776	777	728	
728	777	778	729	
729	778	779	730	
730	779	780	731	
731	780	781	732	
732	781	782	733	
733	782	783	734	
734	783	784	735	
735	784	785	736	
736	785	786	737	
737	786	787	738	
738	787	788	739	
739	788	140	141	
16	17	789	740	
740	789	790	741	
741	790	791	742	
742	791	792	743	
743	792	793	744	
744	793	794	745	
745	794	795	746	
746	795	796	747	
747	796	797	748	
748	797	798	749	
749	798	799	750	
750	799	800	751	
751	800	801	752	
752	801	802	753	
753	802	803	754	
754	803	804	755	
755	804	805	756	
756	805	806	757	
757	806	807	758	
758	807	808	759	
759	808	809	760	
760	809	810	761	
761	810	811	762	
762	811	812	763	
763	812	813	764	
764	813	814	765	
765	814	815	766	
766	815	816	767	
767	816	817	768	
768	817	818	769	
769	818	819	770	
770	819	820	771	
771	820	821	772	
772	821	822	773	
773	822	823	774	
774	823	824	775	
775	824	825	776	
776	825	826	777	
777	826	827	778	
778	827	828	779	
779	828	829	780	
780	829	830	781	
781	830	831	782	
782	831	832	783	
783	832	833	784	
784	833	834	785	
785	834	835	786	
786	835	836	787	
787	836	837	788	
788	837	139	140	
17	18	838	789	
789	838	839	790	
790	839	840	791	
791	840	841	792	
792	841	842	793	
793	842	843	794	
794	843	844	795	
795	844	845	796	
796	845	846	797	
797	846	847	798	
798	847	848	799	
799	848	849	800	
800	849	850	801	
801	850	851	802	
802	851	852	803	
803	852	853	804	
804	853	854	805	
805	854	855	806	
806	855	856	807	
807	856	857	808	
808	857	858	809	
809	858	859	810	
810	859	860	811	
811	860	861	812	
812	861	862	813	
813	862	863	814	
814	863	864	815	
815	864	865	816	
816	865	866	817	
817	866	867	818	
818	867	868	819	
819	868	869	820	
820	869	870	821	
821	870	871	822	
822	871	872	823	
823	872	873	824	
824	873	874	825	
825	874	875	826	
826	875	876	827	
827	876	877	828	
828	877	878	829	
829	878	879	830	
830	879	880	831	
831	880	881	832	
832	881	882	833	
833	882	883	834	
834	883	884	835	
835	884	885	836	
836	885	886	837	
837	886	138	139	
18	19	887	838	
838	887	888	839	
839	888	889	840	
840	889	890	841	
841	890	891	842	
842	891	892	843	
843	892	893	844	
844	893	894	845	
845	894	895	846	
846	895	896	847	
847	896	897	848	
848	897	898	849	
849	898	899	850	
850	899	900	851	
851	900	901	852	
852	901	902	853	
853	902	903	854	
854	903	904	855	
855	904	905	856	
856	905	906	857	
857	906	907	858	
858	907	908	859	
859	908	909	860	
860	909	910	861	
861	910	911	862	
862	911	912	863	
863	912	913	864	
864	913	914	865	
865	914	915	866	
866	915	916	867	
867	916	917	868	
868	917	918	869	
869	918	919	870	
870	919	920	871	
871	920	921	872	
872	921	922	873	
873	922	923	874	
874	923	924	875	
875	924	925	876	
876	925	926	877	
877	926	927	878	
878	927	928	879	
879	928	929	880	
880	929	930	881	
881	930	931	882	
882	931	932	883	
883	932	933	884	
884	933	934	885	
885	934	935	886	
886	935	137	138	
19	20	936	887	
887	936	937	888	
888	937	938	889	
889	938	939	890	
890	939	940	891	
891	940	941	892	
892	941	942	893	
893	942	943	894	
894	943	944	895	
895	944	945	896	
896	945	946	897	
897	946	947	898	
898	947	948	899	
899	948	949	900	
900	949	950	901	
901	950	951	902	
902	951	952	903	
903	952	953	904	
904	953	954	905	
905	954	955	906	
906	955	956	907	
907	956	957	908	
908	957	958	909	
909	958	959	910	
910	959	960	911	
911	960	961	912	
912	961	962	913	
913	962	963	914	
914	963	964	915	
915	964	965	916	
916	965	966	917	
917	966	967	918	
918	967	968	919	
919	968	969	920	
920	969	970	921	
921	970	971	922	
922	971	972	923	
923	972	973	924	
924	973	974	925	
925	974	975	926	
926	975	976	927	
927	976	977	928	
928	977	978	929	
929	978	979	930	
930	979	980	931	
931	980	981	932	
932	981	982	933	
933	982	983	934	
934	983	984	935	
935	984	136	137	
20	21	985	936	
936	985	986	937	
937	986	987	938	
938	987	988	939	
939	988	989	940	
940	989	990	941	
941	990	991	942	
942	991	992	943	
943	992	993	944	
944	993	994	945	
945	994	995	946	
946	995	996	947	
947	996	997	948	
948	997	998	949	
949	998	999	950	
950	999	1000	951	
951	1000	1001	952	
952	1001	1002	953	
953	1002	1003	954	
954	1003	1004	955	
955	1004	1005	956	
956	1005	1006	957	
957	1006	1007	958	
958	1007	1008	959	
959	1008	1009	960	
960	1009	1010	961	
961	1010	1011	962	
962	1011	1012	963	
963	1012	1013	964	
964	1013	1014	965	
965	1014	1015	966	
966	1015	1016	967	
967	1016	1017	968	
968	1017	1018	969	
969	1018	1019	970	
970	1019	1020	971	
971	1020	1021	972	
972	1021	1022	973	
973	1022	1023	974	
974	1023	1024	975	
975	1024	1025	976	
976	1025	1026	977	
977	1026	1027	978	
978	1027	1028	979	
979	1028	1029	980	
980	1029	1030	981	
981	1030	1031	982	
982	1031	1032	983	
983	1032	1033	984	
984	1033	135	136	
21	22	1034	985	
985	1034	1035	986	
986	1035	1036	987	
987	1036	1037	988	
988	1037	1038	989	
989	1038	1039	990	
990	1039	1040	991	
991	1040	1041	992	
992	1041	1042	993	
993	1042	1043	994	
994	1043	1044	995	
995	1044	1045	996	
996	1045	1046	997	
997	1046	1047	998	
998	1047	1048	999	
999	1048	1049	1000	
1000	1049	1050	1001	
1001	1050	1051	1002	
1002	1051	1052	1003	
1003	1052	1053	1004	
1004	1053	1054	1005	
1005	1054	1055	1006	
1006	1055	1056	1007	
1007	1056	1057	1008	
1008	1057	1058	1009	
1009	1058	1059	1010	
1010	1059	1060	1011	
1011	1060	1061	1012	
1012	1061	1062	1013	
1013	1062	1063	1014	
1014	1063	1064	1015	
1015	1064	1065	1016	
1016	1065	1066	1017	
1017	1066	1067	1018	
1018	1067	1068	1019	
1019	1068	1069	1020	
1020	1069	1070	1021	
1021	1070	1071	1022	
1022	1071	1072	1023	
1023	1072	1073	1024	
1024	1073	1074	1025	
1025	1074	1075	1026	
1026	1075	1076	1027	
1027	1076	1077	1028	
1028	1077	1078	1029	
1029	1078	1079	1030	
1030	1079	1080	1031	
1031	1080	1081	1032	
1032	1081	1082	1033	
1033	1082	134	135	
22	23	1083	1034	
1034	1083	1084	1035	
1035	1084	1085	1036	
1036	1085	1086	1037	
1037	1086	1087	1038	
1038	1087	1088	1039	
1039	1088	1089	1040	
1040	1089	1090	1041	
1041	1090	1091	1042	
1042	1091	1092	1043	
1043	1092	1093	1044	
1044	1093	1094	1045	
1045	1094	1095	1046	
1046	1095	1096	1047	
1047	1096	1097	1048	
1048	1097	1098	1049	
1049	1098	1099	1050	
1050	1099	1100	1051	
1051	1100	1101	1052	
1052	1101	1102	1053	
1053	1102	1103	1054	
1054	1103	1104	1055	
1055	1104	1105	1056	
1056	1105	1106	1057	
1057	1106	1107	1058	
1058	1107	1108	1059	
1059	1108	1109	1060	
1060	1109	1110	1061	
1061	1110	1111	1062	
1062	1111	1112	1063	
1063	1112	1113	1064	
1064	1113	1114	1065	
1065	1114	1115	1066	
1066	1115	1116	1067	
1067	1116	1117	1068	
1068	1117	1118	1069	
1069	1118	1119	1070	
1070	1119	1120	1071	
1071	1120	1121	1072	
1072	1121	1122	1073	
1073	1122	1123	1074	
1074	1123	1124	1075	
1075	1124	1125	1076	
1076	1125	1126	1077	
1077	1126	1127	1078	
1078	1127	1128	1079	
1079	1128	1129	1080	
1080	1129	1130	1081	
1081	1130	1131	1082	
1082	1131	133	134	
23	24	1132	1083	
1083	1132	1133	1084	
1084	1133	1134	1085	
1085	1134	1135	1086	
1086	1135	1136	1087	
1087	1136	1137	1088	
1088	1137	1138	1089	
1089	1138	1139	1090	
1090	1139	1140	1091	
1091	1140	1141	1092	
1092	1141	1142	1093	
1093	1142	1143	1094	
1094	1143	1144	1095	
1095	1144	1145	1096	
1096	1145	1146	1097	
1097	1146	1147	1098	
1098	1147	1148	1099	
1099	1148	1149	1100	
1100	1149	1150	1101	
1101	1150	1151	1102	
1102	1151	1152	1103	
1103	1152	1153	1104	
1104	1153	1154	1105	
1105	1154	1155	1106	
1106	1155	1156	1107	
1107	1156	1157	1108	
1108	1157	1158	1109	
1109	1158	1159	1110	
1110	1159	1160	1111	
1111	1160	1161	1112	
1112	1161	1162	1113	
1113	1162	1163	1114	
1114	1163	1164	1115	
1115	1164	1165	1116	
1116	1165	1166	1117	
1117	1166	1167	1118	
1118	1167	1168	1119	
1119	1168	1169	1120	
1120	1169	1170	1121	
1121	1170	1171	1122	
1122	1171	1172	1123	
1123	1172	1173	1124	
1124	1173	1174	1125	
1125	1174	1175	1126	
1126	1175	1176	1127	
1127	1176	1177	1128	
1128	1177	1178	1129	
1129	1178	1179	1130	
1130	1179	1180	1131	
1131	1180	132	133	
24	25	1181	1132	
1132	1181	1182	1133	
1133	1182	1183	1134	
1134	1183	1184	1135	
1135	1184	1185	1136	
1136	1185	1186	1137	
1137	1186	1187	1138	
1138	1187	1188	1139	
1139	1188	1189	1140	
1140	1189	1190	1141	
1141	1190	1191	1142	
1142	1191	1192	1143	
1143	1192	1193	1144	
1144	1193	1194	1145	
1145	1194	1195	1146	
1146	1195	1196	1147	
1147	1196	1197	1148	
1148	1197	1198	1149	
1149	1198	1199	1150	
1150	1199	1200	1151	
1151	1200	1201	1152	
1152	1201	1202	1153	
1153	1202	1203	1154	
1154	1203	1204	1155	
1155	1204	1205	1156	
1156	1205	1206	1157	
1157	1206	1207	1158	
1158	1207	1208	1159	
1159	1208	1209	1160	
1160	1209	1210	1161	
1161	1210	1211	1162	
1162	1211	1212	1163	
1163	1212	1213	1164	
1164	1213	1214	1165	
1165	1214	1215	1166	
1166	1215	1216	1167	
1167	1216	1217	1168	
1168	1217	1218	1169	
1169	1218	1219	1170	
1170	1219	1220	1171	
1171	1220	1221	1172	
1172	1221	1222	1173	
1173	1222	1223	1174	
1174	1223	1224	1175	
1175	1224	1225	1176	
1176	1225	1226	1177	
1177	1226	1227	1178	
1178	1227	1228	1179	
1179	1228	1229	1180	
1180	1229	131	132	
25	26	1230	1181	
1181	1230	1231	1182	
1182	1231	1232	1183	
1183	1232	1233	1184	
1184	1233	1234	1185	
1185	1234	1235	1186	
1186	1235	1236	1187	
1187	1236	1237	1188	
1188	1237	1238	1189	
1189	1238	1239	1190	
1190	1239	1240	1191	
1191	1240	1241	1192	
1192	1241	1242	1193	
1193	1242	1243	1194	
1194	1243	1244	1195	
1195	1244	1245	1196	
1196	1245	1246	1197	
1197	1246	1247	1198	
1198	1247	1248	1199	
1199	1248	1249	1200	
1200	1249	1250	1201	
1201	1250	1251	1202	
1202	1251	1252	1203	
1203	1252	1253	1204	
1204	1253	1254	1205	
1205	1254	1255	1206	
1206	1255	1256	1207	
1207	1256	1257	1208	
1208	1257	1258	1209	
1209	1258	1259	1210	
1210	1259	1260	1211	
1211	1260	1261	1212	
1212	1261	1262	1213	
1213	1262	1263	1214	
1214	1263	1264	1215	
1215	1264	1265	1216	
1216	1265	1266	1217	
1217	1266	1267	1218	
1218	1267	1268	1219	
1219	1268	1269	1220	
1220	1269	1270	1221	
1221	1270	1271	1222	
1222	1271	1272	1223	
1223	1272	1273	1224	
1224	1273	1274	1225	
1225	1274	1275	1226	
1226	1275	1276	1227	
1227	1276	1277	1228	
1228	1277	1278	1229	
1229	1278	130	131	
26	27	1279	1230	
1230	1279	1280	1231	
1231	1280	1281	1232	
1232	1281	1282	1233	
1233	1282	1283	1234	
1234	1283	1284	1235	
1235	1284	1285	1236	
1236	1285	1286	1237	
1237	1286	1287	1238	
1238	1287	1288	1239	
1239	1288	1289	1240	
1240	1289	1290	1241	
1241	1290	1291	1242	
1242	1291	1292	1243	
1243	1292	1293	1244	
1244	1293	1294	1245	
1245	1294	1295	1246	
1246	1295	1296	1247	
1247	1296	1297	1248	
1248	1297	1298	1249	
1249	1298	1299	1250	
1250	1299	1300	1251	
1251	1300	1301	1252	
1252	1301	1302	1253	
1253	1302	1303	1254	
1254	1303	1304	1255	
1255	1304	1305	1256	
1256	1305	1306	1257	
1257	1306	1307	1258	
1258	1307	1308	1259	
1259	1308	1309	1260	
1260	1309	1310	1261	
1261	1310	1311	1262	
1262	1311	1312	1263	
1263	1312	1313	1264	
1264	1313	1314	1265	
1265	1314	1315	1266	
1266	1315	1316	1267	
1267	1316	1317	1268	
1268	1317	1318	1269	
1269	1318	1319	1270	
1270	1319	1320	1271	
1271	1320	1321	1272	
1272	1321	1322	1273	
1273	1322	1323	1274	
1274	1323	1324	1275	
1275	1324	1325	1276	
1276	1325	1326	1277	
1277	1326	1327	1278	
1278	1327	129	130	
27	28	1328	1279	
1279	1328	1329	1280	
1280	1329	1330	1281	
1281	1330	1331	1282	
1282	1331	1332	1283	
1283	1332	1333	1284	
1284	1333	1334	1285	
1285	1334	1335	1286	
1286	1335	1336	1287	
1287	1336	1337	1288	
1288	1337	1338	1289	
1289	1338	1339	1290	
1290	1339	1340	1291	
1291	1340	1341	1292	
1292	1341	1342	1293	
1293	1342	1343	1294	
1294	1343	1344	1295	
1295	1344	1345	1296	
1296	1345	1346	1297	
1297	1346	1347	1298	
1298	1347	1348	1299	
1299	1348	1349	1300	
1300	1349	1350	1301	
1301	1350	1351	1302	
1302	1351	1352	1303	
1303	1352	1353	1304	
1304	1353	1354	1305	
1305	1354	1355	1306	
1306	1355	1356	1307	
1307	1356	1357	1308	
1308	1357	1358	1309	
1309	1358	1359	1310	
1310	1359	1360	1311	
1311	1360	1361	1312	
1312	1361	1362	1313	
1313	1362	1363	1314	
1314	1363	1364	1315	
1315	1364	1365	1316	
1316	1365	1366	1317	
1317	1366	1367	1318	
1318	1367	1368	1319	
1319	1368	1369	1320	
1320	1369	1370	1321	
1321	1370	1371	1322	
1322	1371	1372	1323	
1323	1372	1373	1324	
1324	1373	1374	1325	
1325	1374	1375	1326	
1326	1375	1376	1327	
1327	1376	128	129	
28	29	1377	1328	
1328	1377	1378	1329	
1329	1378	1379	1330	
1330	1379	1380	1331	
1331	1380	1381	1332	
1332	1381	1382	1333	
1333	1382	1383	1334	
1334	1383	1384	1335	
1335	1384	1385	1336	
1336	1385	1386	1337	
1337	1386	1387	1338	
1338	1387	1388	1339	
1339	1388	1389	1340	
1340	1389	1390	1341	
1341	1390	1391	1342	
1342	1391	1392	1343	
1343	1392	1393	1344	
1344	1393	1394	1345	
1345	1394	1395	1346	
1346	1395	1396	1347	
1347	1396	1397	1348	
1348	1397	1398	1349	
1349	1398	1399	1350	
1350	1399	1400	1351	
1351	1400	1401	1352	
1352	1401	1402	1353	
1353	1402	1403	1354	
1354	1403	1404	1355	
1355	1404	1405	1356	
1356	1405	1406	1357	
1357	1406	1407	1358	
1358	1407	1408	1359	
1359	1408	1409	1360	
1360	1409	1410	1361	
1361	1410	1411	1362	
1362	1411	1412	1363	
1363	1412	1413	1364	
1364	1413	1414	1365	
1365	1414	1415	1366	
1366	1415	1416	1367	
1367	1416	1417	1368	
1368	1417	1418	1369	
1369	1418	1419	1370	
1370	1419	1420	1371	
1371	1420	1421	1372	
1372	1421	1422	1373	
1373	1422	1423	1374	
1374	1423	1424	1375	
1375	1424	1425	1376	
1376	1425	127	128	
29	30	1426	1377	
1377	1426	1427	1378	
1378	1427	1428	1379	
1379	1428	1429	1380	
1380	1429	1430	1381	
1381	1430	1431	1382	
1382	1431	1432	1383	
1383	1432	1433	1384	
1384	1433	1434	1385	
1385	1434	1435	1386	
1386	1435	1436	1387	
1387	1436	1437	1388	
1388	1437	1438	1389	
1389	1438	1439	1390	
1390	1439	1440	1391	
1391	1440	1441	1392	
1392	1441	1442	1393	
1393	1442	1443	1394	
1394	1443	1444	1395	
1395	1444	1445	1396	
1396	1445	1446	1397	
1397	1446	1447	1398	
1398	1447	1448	1399	
1399	1448	1449	1400	
1400	1449	1450	1401	
1401	1450	1451	1402	
1402	1451	1452	1403	
1403	1452	1453	1404	
1404	1453	1454	1405	
1405	1454	1455	1406	
1406	1455	1456	1407	
1407	1456	1457	1408	
1408	1457	1458	1409	
1409	1458	1459	1410	
1410	1459	1460	1411	
1411	1460	1461	1412	
1412	1461	1462	1413	
1413	1462	1463	1414	
1414	1463	1464	1415	
1415	1464	1465	1416	
1416	1465	1466	1417	
1417	1466	1467	1418	
1418	1467	1468	1419	
1419	1468	1469	1420	
1420	1469	1470	1421	
1421	1470	1471	1422	
1422	1471	1472	1423	
1423	1472	1473	1424	
1424	1473	1474	1425	
1425	1474	126	127	
30	31	1475	1426	
1426	1475	1476	1427	
1427	1476	1477	1428	
1428	1477	1478	1429	
1429	1478	1479	1430	
1430	1479	1480	1431	
1431	1480	1481	1432	
1432	1481	1482	1433	
1433	1482	1483	1434	
1434	1483	1484	1435	
1435	1484	1485	1436	
1436	1485	1486	1437	
1437	1486	1487	1438	
1438	1487	1488	1439	
1439	1488	1489	1440	
1440	1489	1490	1441	
1441	1490	1491	1442	
1442	1491	1492	1443	
1443	1492	1493	1444	
1444	1493	1494	1445	
1445	1494	1495	1446	
1446	1495	1496	1447	
1447	1496	1497	1448	
1448	1497	1498	1449	
1449	1498	1499	1450	
1450	1499	1500	1451	
1451	1500	1501	1452	
1452	1501	1502	1453	
1453	1502	1503	1454	
1454	1503	1504	1455	
1455	1504	1505	1456	
1456	1505	1506	1457	
1457	1506	1507	1458	
1458	1507	1508	1459	
1459	1508	1509	1460	
1460	1509	1510	1461	
1461	1510	1511	1462	
1462	1511	1512	1463	
1463	1512	1513	1464	
1464	1513	1514	1465	
1465	1514	1515	1466	
1466	1515	1516	1467	
1467	1516	1517	1468	
1468	1517	1518	1469	
1469	1518	1519	1470	
1470	1519	1520	1471	
1471	1520	1521	1472	
1472	1521	1522	1473	
1473	1522	1523	1474	
1474	1523	125	126	
31	32	1524	1475	
1475	1524	1525	1476	
1476	1525	1526	1477	
1477	1526	1527	1478	
1478	1527	1528	1479	
1479	1528	1529	1480	
1480	1529	1530	1481	
1481	1530	1531	1482	
1482	1531	1532	1483	
1483	1532	1533	1484	
1484	1533	1534	1485	
1485	1534	1535	1486	
1486	1535	1536	1487	
1487	1536	1537	1488	
1488	1537	1538	1489	
1489	1538	1539	1490	
1490	1539	1540	1491	
1491	1540	1541	1492	
1492	1541	1542	1493	
1493	1542	1543	1494	
1494	1543	1544	1495	
1495	1544	1545	1496	
1496	1545	1546	1497	
1497	1546	1547	1498	
1498	1547	1548	1499	
1499	1548	1549	1500	
1500	1549	1550	1501	
1501	1550	1551	1502	
1502	1551	1552	1503	
1503	1552	1553	1504	
1504	1553	1554	1505	
1505	1554	1555	1506	
1506	1555	1556	1507	
1507	1556	1557	1508	
1508	1557	1558	1509	
1509	1558	1559	1510	
1510	1559	1560	1511	
1511	1560	1561	1512	
1512	1561	1562	1513	
1513	1562	1563	1514	
1514	1563	1564	1515	
1515	1564	1565	1516	
1516	1565	1566	1517	
1517	1566	1567	1518	
1518	1567	1568	1519	
1519	1568	1569	1520	
1520	1569	1570	1521	
1521	1570	1571	1522	
1522	1571	1572	1523	
1523	1572	124	125	
32	33	1573	1524	
1524	1573	1574	1525	
1525	1574	1575	1526	
1526	1575	1576	1527	
1527	1576	1577	1528	
1528	1577	1578	1529	
1529	1578	1579	1530	
1530	1579	1580	1531	
1531	1580	1581	1532	
1532	1581	1582	1533	
1533	1582	1583	1534	
1534	1583	1584	1535	
1535	1584	1585	1536	
1536	1585	1586	1537	
1537	1586	1587	1538	
1538	1587	1588	1539	
1539	1588	1589	1540	
1540	1589	1590	1541	
1541	1590	1591	1542	
1542	1591	1592	1543	
1543	1592	1593	1544	
1544	1593	1594	1545	
1545	1594	1595	1546	
1546	1595	1596	1547	
1547	1596	1597	1548	
1548	1597	1598	1549	
1549	1598	1599	1550	
1550	1599	1600	1551	
1551	1600	1601	1552	
1552	1601	1602	1553	
1553	1602	1603	1554	
1554	1603	1604	1555	
1555	1604	1605	1556	
1556	1605	1606	1557	
1557	1606	1607	1558	
1558	1607	1608	1559	
1559	1608	1609	1560	
1560	1609	1610	1561	
1561	1610	1611	1562	
1562	1611	1612	1563	
1563	1612	1613	1564	
1564	1613	1614	1565	
1565	1614	1615	1566	
1566	1615	1616	1567	
1567	1616	1617	1568	
1568	1617	1618	1569	
1569	1618	1619	1570	
1570	1619	1620	1571	
1571	1620	1621	1572	
1572	1621	123	124	
33	34	1622	1573	
1573	1622	1623	1574	
1574	1623	1624	1575	
1575	1624	1625	1576	
1576	1625	1626	1577	
1577	1626	1627	1578	
1578	1627	1628	1579	
1579	1628	1629	1580	
1580	1629	1630	1581	
1581	1630	1631	1582	
1582	1631	1632	1583	
1583	1632	1633	1584	
1584	1633	1634	1585	
1585	1634	1635	1586	
1586	1635	1636	1587	
1587	1636	1637	1588	
1588	1637	1638	1589	
1589	1638	1639	1590	
1590	1639	1640	1591	
1591	1640	1641	1592	
1592	1641	1642	1593	
1593	1642	1643	1594	
1594	1643	1644	1595	
1595	1644	1645	1596	
1596	1645	1646	1597	
1597	1646	1647	1598	
1598	1647	1648	1599	
1599	1648	1649	1600	
1600	1649	1650	1601	
1601	1650	1651	1602	
1602	1651	1652	1603	
1603	1652	1653	1604	
1604	1653	1654	1605	
1605	1654	1655	1606	
1606	1655	1656	1607	
1607	1656	1657	1608	
1608	1657	1658	1609	
1609	1658	1659	1610	
1610	1659	1660	1611	
1611	1660	1661	1612	
1612	1661	1662	1613	
1613	1662	1663	1614	
1614	1663	1664	1615	
1615	1664	1665	1616	
1616	1665	1666	1617	
1617	1666	1667	1618	
1618	1667	1668	1619	
1619	1668	1669	1620	
1620	1669	1670	1621	
1621	1670	122	123	
34	35	1671	1622	
1622	1671	1672	1623	
1623	1672	1673	1624	
1624	1673	1674	1625	
1625	1674	1675	1626	
1626	1675	1676	1627	
1627	1676	1677	1628	
1628	1677	1678	1629	
1629	1678	1679	1630	
1630	1679	1680	1631	
1631	1680	1681	1632	
1632	1681	1682	1633	
1633	1682	1683	1634	
1634	1683	1684	1635	
1635	1684	1685	1636	
1636	1685	1686	1637	
1637	1686	1687	1638	
1638	1687	1688	1639	
1639	1688	1689	1640	
1640	1689	1690	1641	
1641	1690	1691	1642	
1642	1691	1692	1643	
1643	1692	1693	1644	
1644	1693	1694	1645	
1645	1694	1695	1646	
1646	1695	1696	1647	
1647	1696	1697	1648	
1648	1697	1698	1649	
1649	1698	1699	1650	
1650	1699	1700	1651	
1651	1700	1701	1652	
1652	1701	1702	1653	
1653	1702	1703	1654	
1654	1703	1704	1655	
1655	1704	1705	1656	
1656	1705	1706	1657	
1657	1706	1707	1658	
1658	1707	1708	1659	
1659	1708	1709	1660	
1660	1709	1710	1661	
1661	1710	1711	1662	
1662	1711	1712	1663	
1663	1712	1713	1664	
1664	1713	1714	1665	
1665	1714	1715	1666	
1666	1715	1716	1667	
1667	1716	1717	1668	
1668	1717	1718	1669	
1669	1718	1719	1670	
1670	1719	121	122	
35	36	1720	1671	
1671	1720	1721	1672	
1672	1721	1722	1673	
1673	1722	1723	1674	
1674	1723	1724	1675	
1675	1724	1725	1676	
1676	1725	1726	1677	
1677	1726	1727	1678	
1678	1727	1728	1679	
1679	1728	1729	1680	
1680	1729	1730	1681	
1681	1730	1731	1682	
1682	1731	1732	1683	
1683	1732	1733	1684	
1684	1733	1734	1685	
1685	1734	1735	1686	
1686	1735	1736	1687	
1687	1736	1737	1688	
1688	1737	1738	1689	
1689	1738	1739	1690	
1690	1739	1740	1691	
1691	1740	1741	1692	
1692	1741	1742	1693	
1693	1742	1743	1694	
1694	1743	1744	1695	
1695	1744	1745	1696	
1696	1745	1746	1697	
1697	1746	1747	1698	
1698	1747	1748	1699	
1699	1748	1749	1700	
1700	1749	1750	1701	
1701	1750	1751	1702	
1702	1751	1752	1703	
1703	1752	1753	1704	
1704	1753	1754	1705	
1705	1754	1755	1706	
1706	1755	1756	1707	
1707	1756	1757	1708	
1708	1757	1758	1709	
1709	1758	1759	1710	
1710	1759	1760	1711	
1711	1760	1761	1712	
1712	1761	1762	1713	
1713	1762	1763	1714	
1714	1763	1764	1715	
1715	1764	1765	1716	
1716	1765	1766	1717	
1717	1766	1767	1718	
1718	1767	1768	1719	
1719	1768	120	121	
36	37	1769	1720	
1720	1769	1770	1721	
1721	1770	1771	1722	
1722	1771	1772	1723	
1723	1772	1773	1724	
1724	1773	1774	1725	
1725	1774	1775	1726	
1726	1775	1776	1727	
1727	1776	1777	1728	
1728	1777	1778	1729	
1729	1778	1779	1730	
1730	1779	1780	1731	
1731	1780	1781	1732	
1732	1781	1782	1733	
1733	1782	1783	1734	
1734	1783	1784	1735	
1735	1784	1785	1736	
1736	1785	1786	1737	
1737	1786	1787	1738	
1738	1787	1788	1739	
1739	1788	1789	1740	
1740	1789	1790	1741	
1741	1790	1791	1742	
1742	1791	1792	1743	
1743	1792	1793	1744	
1744	1793	1794	1745	
1745	1794	1795	1746	
1746	1795	1796	1747	
1747	1796	1797	1748	
1748	1797	1798	1749	
1749	1798	1799	1750	
1750	1799	1800	1751	
1751	1800	1801	1752	
1752	1801	1802	1753	
1753	1802	1803	1754	
1754	1803	1804	1755	
1755	1804	1805	1756	
1756	1805	1806	1757	
1757	1806	1807	1758	
1758	1807	1808	1759	
1759	1808	1809	1760	
1760	1809	1810	1761	
1761	1810	1811	1762	
1762	1811	1812	1763	
1763	1812	1813	1764	
1764	1813	1814	1765	
1765	1814	1815	1766	
1766	1815	1816	1767	
1767	1816	1817	1768	
1768	1817	119	120	
37	38	1818	1769	
1769	1818	1819	1770	
1770	1819	1820	1771	
1771	1820	1821	1772	
1772	1821	1822	1773	
1773	1822	1823	1774	
1774	1823	1824	1775	
1775	1824	1825	1776	
1776	1825	1826	1777	
1777	1826	1827	1778	
1778	1827	1828	1779	
1779	1828	1829	1780	
1780	1829	1830	1781	
1781	1830	1831	1782	
1782	1831	1832	1783	
1783	1832	1833	1784	
1784	1833	1834	1785	
1785	1834	1835	1786	
1786	1835	1836	1787	
1787	1836	1837	1788	
1788	1837	1838	1789	
1789	1838	1839	1790	
1790	1839	1840	1791	
1791	1840	1841	1792	
1792	1841	1842	1793	
1793	1842	1843	1794	
1794	1843	1844	1795	
1795	1844	1845	1796	
1796	1845	1846	1797	
1797	1846	1847	1798	
1798	1847	1848	1799	
1799	1848	1849	1800	
1800	1849	1850	1801	
1801	1850	1851	1802	
1802	1851	1852	1803	
1803	1852	1853	1804	
1804	1853	1854	1805	
1805	1854	1855	1806	
1806	1855	1856	1807	
1807	1856	1857	1808	
1808	1857	1858	1809	
1809	1858	1859	1810	
1810	1859	1860	1811	
1811	1860	1861	1812	
1812	1861	1862	1813	
1813	1862	1863	1814	
1814	1863	1864	1815	
1815	1864	1865	1816	
1816	1865	1866	1817	
1817	1866	118	119	
38	39	1867	1818	
1818	1867	1868	1819	
1819	1868	1869	1820	
1820	1869	1870	1821	
1821	1870	1871	1822	
1822	1871	1872	1823	
1823	1872	1873	1824	
1824	1873	1874	1825	
1825	1874	1875	1826	
1826	1875	1876	1827	
1827	1876	1877	1828	
1828	1877	1878	1829	
1829	1878	1879	1830	
1830	1879	1880	1831	
1831	1880	1881	1832	
1832	1881	1882	1833	
1833	1882	1883	1834	
1834	1883	1884	1835	
1835	1884	1885	1836	
1836	1885	1886	1837	
1837	1886	1887	1838	
1838	1887	1888	1839	
1839	1888	1889	1840	
1840	1889	1890	1841	
1841	1890	1891	1842	
1842	1891	1892	1843	
1843	1892	1893	1844	
1844	1893	1894	1845	
1845	1894	1895	1846	
1846	1895	1896	1847	
1847	1896	1897	1848	
1848	1897	1898	1849	
1849	1898	1899	1850	
1850	1899	1900	1851	
1851	1900	1901	1852	
1852	1901	1902	1853	
1853	1902	1903	1854	
1854	1903	1904	1855	
1855	1904	1905	1856	
1856	1905	1906	1857	
1857	1906	1907	1858	
1858	1907	1908	1859	
1859	1908	1909	1860	
1860	1909	1910	1861	
1861	1910	1911	1862	
1862	1911	1912	1863	
1863	1912	1913	1864	
1864	1913	1914	1865	
1865	1914	1915	1866	
1866	1915	117	118	
39	40	1916	1867	
1867	1916	1917	1868	
1868	1917	1918	1869	
1869	1918	1919	1870	
1870	1919	1920	1871	
1871	1920	1921	1872	
1872	1921	1922	1873	
1873	1922	1923	1874	
1874	1923	1924	1875	
1875	1924	1925	1876	
1876	1925	1926	1877	
1877	1926	1927	1878	
1878	1927	1928	1879	
1879	1928	1929	1880	
1880	1929	1930	1881	
1881	1930	1931	1882	
1882	1931	1932	1883	
1883	1932	1933	1884	
1884	1933	1934	1885	
1885	1934	1935	1886	
1886	1935	1936	1887	
1887	1936	1937	1888	
1888	1937	1938	1889	
1889	1938	1939	1890	
1890	1939	1940	1891	
1891	1940	1941	1892	
1892	1941	1942	1893	
1893	1942	1943	1894	
1894	1943	1944	1895	
1895	1944	1945	1896	
1896	1945	1946	1897	
1897	1946	1947	1898	
1898	1947	1948	1899	
1899	1948	1949	1900	
1900	1949	1950	1901	
1901	1950	1951	1902	
1902	1951	1952	1903	
1903	1952	1953	1904	
1904	1953	1954	1905	
1905	1954	1955	1906	
1906	1955	1956	1907	
1907	1956	1957	1908	
1908	1957	1958	1909	
1909	1958	1959	1910	
1910	1959	1960	1911	
1911	1960	1961	1912	
1912	1961	1962	1913	
1913	1962	1963	1914	
1914	1963	1964	1915	
1915	1964	116	117	
40	41	1965	1916	
1916	1965	1966	1917	
1917	1966	1967	1918	
1918	1967	1968	1919	
1919	1968	1969	1920	
1920	1969	1970	1921	
1921	1970	1971	1922	
1922	1971	1972	1923	
1923	1972	1973	1924	
1924	1973	1974	1925	
1925	1974	1975	1926	
1926	1975	1976	1927	
1927	1976	1977	1928	
1928	1977	1978	1929	
1929	1978	1979	1930	
1930	1979	1980	1931	
1931	1980	1981	1932	
1932	1981	1982	1933	
1933	1982	1983	1934	
1934	1983	1984	1935	
1935	1984	1985	1936	
1936	1985	1986	1937	
1937	1986	1987	1938	
1938	1987	1988	1939	
1939	1988	1989	1940	
1940	1989	1990	1941	
1941	1990	1991	1942	
1942	1991	1992	1943	
1943	1992	1993	1944	
1944	1993	1994	1945	
1945	1994	1995	1946	
1946	1995	1996	1947	
1947	1996	1997	1948	
1948	1997	1998	1949	
1949	1998	1999	1950	
1950	1999	2000	1951	
1951	2000	2001	1952	
1952	2001	2002	1953	
1953	2002	2003	1954	
1954	2003	2004	1955	
1955	2004	2005	1956	
1956	2005	2006	1957	
1957	2006	2007	1958	
1958	2007	2008	1959	
1959	2008	2009	1960	
1960	2009	2010	1961	
1961	2010	2011	1962	
1962	2011	2012	1963	
1963	2012	2013	1964	
1964	2013	115	116	
41	42	2014	1965	
1965	2014	2015	1966	
1966	2015	2016	1967	
1967	2016	2017	1968	
1968	2017	2018	1969	
1969	2018	2019	1970	
1970	2019	2020	1971	
1971	2020	2021	1972	
1972	2021	2022	1973	
1973	2022	2023	1974	
1974	2023	2024	1975	
1975	2024	2025	1976	
1976	2025	2026	1977	
1977	2026	2027	1978	
1978	2027	2028	1979	
1979	2028	2029	1980	
1980	2029	2030	1981	
1981	2030	2031	1982	
1982	2031	2032	1983	
1983	2032	2033	1984	
1984	2033	2034	1985	
1985	2034	2035	1986	
1986	2035	2036	1987	
1987	2036	2037	1988	
1988	2037	2038	1989	
1989	2038	2039	1990	
1990	2039	2040	1991	
1991	2040	2041	1992	
1992	2041	2042	1993	
1993	2042	2043	1994	
1994	2043	2044	1995	
1995	2044	2045	1996	
1996	2045	2046	1997	
1997	2046	2047	1998	
1998	2047	2048	1999	
1999	2048	2049	2000	
2000	2049	2050	2001	
2001	2050	2051	2002	
2002	2051	2052	2003	
2003	2052	2053	2004	
2004	2053	2054	2005	
2005	2054	2055	2006	
2006	2055	2056	2007	
2007	2056	2057	2008	
2008	2057	2058	2009	
2009	2058	2059	2010	
2010	2059	2060	2011	
2011	2060	2061	2012	
2012	2061	2062	2013	
2013	2062	114	115	
42	43	2063	2014	
2014	2063	2064	2015	
2015	2064	2065	2016	
2016	2065	2066	2017	
2017	2066	2067	2018	
2018	2067	2068	2019	
2019	2068	2069	2020	
2020	2069	2070	2021	
2021	2070	2071	2022	
2022	2071	2072	2023	
2023	2072	2073	2024	
2024	2073	2074	2025	
2025	2074	2075	2026	
2026	2075	2076	2027	
2027	2076	2077	2028	
2028	2077	2078	2029	
2029	2078	2079	2030	
2030	2079	2080	2031	
2031	2080	2081	2032	
2032	2081	2082	2033	
2033	2082	2083	2034	
2034	2083	2084	2035	
2035	2084	2085	2036	
2036	2085	2086	2037	
2037	2086	2087	2038	
2038	2087	2088	2039	
2039	2088	2089	2040	
2040	2089	2090	2041	
2041	2090	2091	2042	
2042	2091	2092	2043	
2043	2092	2093	2044	
2044	2093	2094	2045	
2045	2094	2095	2046	
2046	2095	2096	2047	
2047	2096	2097	2048	
2048	2097	2098	2049	
2049	2098	2099	2050	
2050	2099	2100	2051	
2051	2100	2101	2052	
2052	2101	2102	2053	
2053	2102	2103	2054	
2054	2103	2104	2055	
2055	2104	2105	2056	
2056	2105	2106	2057	
2057	2106	2107	2058	
2058	2107	2108	2059	
2059	2108	2109	2060	
2060	2109	2110	2061	
2061	2110	2111	2062	
2062	2111	113	114	
43	44	2112	2063	
2063	2112	2113	2064	
2064	2113	2114	2065	
2065	2114	2115	2066	
2066	2115	2116	2067	
2067	2116	2117	2068	
2068	2117	2118	2069	
2069	2118	2119	2070	
2070	2119	2120	2071	
2071	2120	2121	2072	
2072	2121	2122	2073	
2073	2122	2123	2074	
2074	2123	2124	2075	
2075	2124	2125	2076	
2076	2125	2126	2077	
2077	2126	2127	2078	
2078	2127	2128	2079	
2079	2128	2129	2080	
2080	2129	2130	2081	
2081	2130	2131	2082	
2082	2131	2132	2083	
2083	2132	2133	2084	
2084	2133	2134	2085	
2085	2134	2135	2086	
2086	2135	2136	2087	
2087	2136	2137	2088	
2088	2137	2138	2089	
2089	2138	2139	2090	
2090	2139	2140	2091	
2091	2140	2141	2092	
2092	2141	2142	2093	
2093	2142	2143	2094	
2094	2143	2144	2095	
2095	2144	2145	2096	
2096	2145	2146	2097	
2097	2146	2147	2098	
2098	2147	2148	2099	
2099	2148	2149	2100	
2100	2149	2150	2101	
2101	2150	2151	2102	
2102	2151	2152	2103	
2103	2152	2153	2104	
2104	2153	2154	2105	
2105	2154	2155	2106	
2106	2155	2156	2107	
2107	2156	2157	2108	
2108	2157	2158	2109	
2109	2158	2159	2110	
2110	2159	2160	2111	
2111	2160	112	113	
44	45	2161	2112	
2112	2161	2162	2113	
2113	2162	2163	2114	
2114	2163	2164	2115	
2115	2164	2165	2116	
2116	2165	2166	2117	
2117	2166	2167	2118	
2118	2167	2168	2119	
2119	2168	2169	2120	
2120	2169	2170	2121	
2121	2170	2171	2122	
2122	2171	2172	2123	
2123	2172	2173	2124	
2124	2173	2174	2125	
2125	2174	2175	2126	
2126	2175	2176	2127	
2127	2176	2177	2128	
2128	2177	2178	2129	
2129	2178	2179	2130	
2130	2179	2180	2131	
2131	2180	2181	2132	
2132	2181	2182	2133	
2133	2182	2183	2134	
2134	2183	2184	2135	
2135	2184	2185	2136	
2136	2185	2186	2137	
2137	2186	2187	2138	
2138	2187	2188	2139	
2139	2188	2189	2140	
2140	2189	2190	2141	
2141	2190	2191	2142	
2142	2191	2192	2143	
2143	2192	2193	2144	
2144	2193	2194	2145	
2145	2194	2195	2146	
2146	2195	2196	2147	
2147	2196	2197	2148	
2148	2197	2198	2149	
2149	2198	2199	2150	
2150	2199	2200	2151	
2151	2200	2201	2152	
2152	2201	2202	2153	
2153	2202	2203	2154	
2154	2203	2204	2155	
2155	2204	2205	2156	
2156	2205	2206	2157	
2157	2206	2207	2158	
2158	2207	2208	2159	
2159	2208	2209	2160	
2160	2209	111	112	
45	46	2210	2161	
2161	2210	2211	2162	
2162	2211	2212	2163	
2163	2212	2213	2164	
2164	2213	2214	2165	
2165	2214	2215	2166	
2166	2215	2216	2167	
2167	2216	2217	2168	
2168	2217	2218	2169	
2169	2218	2219	2170	
2170	2219	2220	2171	
2171	2220	2221	2172	
2172	2221	2222	2173	
2173	2222	2223	2174	
2174	2223	2224	2175	
2175	2224	2225	2176	
2176	2225	2226	2177	
2177	2226	2227	2178	
2178	2227	2228	2179	
2179	2228	2229	2180	
2180	2229	2230	2181	
2181	2230	2231	2182	
2182	2231	2232	2183	
2183	2232	2233	2184	
2184	2233	2234	2185	
2185	2234	2235	2186	
2186	2235	2236	2187	
2187	2236	2237	2188	
2188	2237	2238	2189	
2189	2238	2239	2190	
2190	2239	2240	2191	
2191	2240	2241	2192	
2192	2241	2242	2193	
2193	2242	2243	2194	
2194	2243	2244	2195	
2195	2244	2245	2196	
2196	2245	2246	2197	
2197	2246	2247	2198	
2198	2247	2248	2199	
2199	2248	2249	2200	
2200	2249	2250	2201	
2201	2250	2251	2202	
2202	2251	2252	2203	
2203	2252	2253	2204	
2204	2253	2254	2205	
2205	2254	2255	2206	
2206	2255	2256	2207	
2207	2256	2257	2208	
2208	2257	2258	2209	
2209	2258	110	111	
46	47	2259	2210	
2210	2259	2260	2211	
2211	2260	2261	2212	
2212	2261	2262	2213	
2213	2262	2263	2214	
2214	2263	2264	2215	
2215	2264	2265	2216	
2216	2265	2266	2217	
2217	2266	2267	2218	
2218	2267	2268	2219	
2219	2268	2269	2220	
2220	2269	2270	2221	
2221	2270	2271	2222	
2222	2271	2272	2223	
2223	2272	2273	2224	
2224	2273	2274	2225	
2225	2274	2275	2226	
2226	2275	2276	2227	
2227	2276	2277	2228	
2228	2277	2278	2229	
2229	2278	2279	2230	
2230	2279	2280	2231	
2231	2280	2281	2232	
2232	2281	2282	2233	
2233	2282	2283	2234	
2234	2283	2284	2235	
2235	2284	2285	2236	
2236	2285	2286	2237	
2237	2286	2287	2238	
2238	2287	2288	2239	
2239	2288	2289	2240	
2240	2289	2290	2241	
2241	2290	2291	2242	
2242	2291	2292	2243	
2243	2292	2293	2244	
2244	2293	2294	2245	
2245	2294	2295	2246	
2246	2295	2296	2247	
2247	2296	2297	2248	
2248	2297	2298	2249	
2249	2298	2299	2250	
2250	2299	2300	2251	
2251	2300	2301	2252	
2252	2301	2302	2253	
2253	2302	2303	2254	
2254	2303	2304	2255	
2255	2304	2305	2256	
2256	2305	2306	2257	
2257	2306	2307	2258	
2258	2307	109	110	
47	48	2308	2259	
2259	2308	2309	2260	
2260	2309	2310	2261	
2261	2310	2311	2262	
2262	2311	2312	2263	
2263	2312	2313	2264	
2264	2313	2314	2265	
2265	2314	2315	2266	
2266	2315	2316	2267	
2267	2316	2317	2268	
2268	2317	2318	2269	
2269	2318	2319	2270	
2270	2319	2320	2271	
2271	2320	2321	2272	
2272	2321	2322	2273	
2273	2322	2323	2274	
2274	2323	2324	2275	
2275	2324	2325	2276	
2276	2325	2326	2277	
2277	2326	2327	2278	
2278	2327	2328	2279	
2279	2328	2329	2280	
2280	2329	2330	2281	
2281	2330	2331	2282	
2282	2331	2332	2283	
2283	2332	2333	2284	
2284	2333	2334	2285	
2285	2334	2335	2286	
2286	2335	2336	2287	
2287	2336	2337	2288	
2288	2337	2338	2289	
2289	2338	2339	2290	
2290	2339	2340	2291	
2291	2340	2341	2292	
2292	2341	2342	2293	
2293	2342	2343	2294	
2294	2343	2344	2295	
2295	2344	2345	2296	
2296	2345	2346	2297	
2297	2346	2347	2298	
2298	2347	2348	2299	
2299	2348	2349	2300	
2300	2349	2350	2301	
2301	2350	2351	2302	
2302	2351	2352	2303	
2303	2352	2353	2304	
2304	2353	2354	2305	
2305	2354	2355	2306	
2306	2355	2356	2307	
2307	2356	108	109	
48	49	2357	2308	
2308	2357	2358	2309	
2309	2358	2359	2310	
2310	2359	2360	2311	
2311	2360	2361	2312	
2312	2361	2362	2313	
2313	2362	2363	2314	
2314	2363	2364	2315	
2315	2364	2365	2316	
2316	2365	2366	2317	
2317	2366	2367	2318	
2318	2367	2368	2319	
2319	2368	2369	2320	
2320	2369	2370	2321	
2321	2370	2371	2322	
2322	2371	2372	2323	
2323	2372	2373	2324	
2324	2373	2374	2325	
2325	2374	2375	2326	
2326	2375	2376	2327	
2327	2376	2377	2328	
2328	2377	2378	2329	
2329	2378	2379	2330	
2330	2379	2380	2331	
2331	2380	2381	2332	
2332	2381	2382	2333	
2333	2382	2383	2334	
2334	2383	2384	2335	
2335	2384	2385	2336	
2336	2385	2386	2337	
2337	2386	2387	2338	
2338	2387	2388	2339	
2339	2388	2389	2340	
2340	2389	2390	2341	
2341	2390	2391	2342	
2342	2391	2392	2343	
2343	2392	2393	2344	
2344	2393	2394	2345	
2345	2394	2395	2346	
2346	2395	2396	2347	
2347	2396	2397	2348	
2348	2397	2398	2349	
2349	2398	2399	2350	
2350	2399	2400	2351	
2351	2400	2401	2352	
2352	2401	2402	2353	
2353	2402	2403	2354	
2354	2403	2404	2355	
2355	2404	2405	2356	
2356	2405	107	108	
49	50	2406	2357	
2357	2406	2407	2358	
2358	2407	2408	2359	
2359	2408	2409	2360	
2360	2409	2410	2361	
2361	2410	2411	2362	
2362	2411	2412	2363	
2363	2412	2413	2364	
2364	2413	2414	2365	
2365	2414	2415	2366	
2366	2415	2416	2367	
2367	2416	2417	2368	
2368	2417	2418	2369	
2369	2418	2419	2370	
2370	2419	2420	2371	
2371	2420	2421	2372	
2372	2421	2422	2373	
2373	2422	2423	2374	
2374	2423	2424	2375	
2375	2424	2425	2376	
2376	2425	2426	2377	
2377	2426	2427	2378	
2378	2427	2428	2379	
2379	2428	2429	2380	
2380	2429	2430	2381	
2381	2430	2431	2382	
2382	2431	2432	2383	
2383	2432	2433	2384	
2384	2433	2434	2385	
2385	2434	2435	2386	
2386	2435	2436	2387	
2387	2436	2437	2388	
2388	2437	2438	2389	
2389	2438	2439	2390	
2390	2439	2440	2391	
2391	2440	2441	2392	
2392	2441	2442	2393	
2393	2442	2443	2394	
2394	2443	2444	2395	
2395	2444	2445	2396	
2396	2445	2446	2397	
2397	2446	2447	2398	
2398	2447	2448	2399	
2399	2448	2449	2400	
2400	2449	2450	2401	
2401	2450	2451	2402	
2402	2451	2452	2403	
2403	2452	2453	2404	
2404	2453	2454	2405	
2405	2454	106	107	
50	51	2455	2406	
2406	2455	2456	2407	
2407	2456	2457	2408	
2408	2457	2458	2409	
2409	2458	2459	2410	
2410	2459	2460	2411	
2411	2460	2461	2412	
2412	2461	2462	2413	
2413	2462	2463	2414	
2414	2463	2464	2415	
2415	2464	2465	2416	
2416	2465	2466	2417	
2417	2466	2467	2418	
2418	2467	2468	2419	
2419	2468	2469	2420	
2420	2469	2470	2421	
2421	2470	2471	2422	
2422	2471	2472	2423	
2423	2472	2473	2424	
2424	2473	2474	2425	
2425	2474	2475	2426	
2426	2475	2476	2427	
2427	2476	2477	2428	
2428	2477	2478	2429	
2429	2478	2479	2430	
2430	2479	2480	2431	
2431	2480	2481	2432	
2432	2481	2482	2433	
2433	2482	2483	2434	
2434	2483	2484	2435	
2435	2484	2485	2436	
2436	2485	2486	2437	
2437	2486	2487	2438	
2438	2487	2488	2439	
2439	2488	2489	2440	
2440	2489	2490	2441	
2441	2490	2491	2442	
2442	2491	2492	2443	
2443	2492	2493	2444	
2444	2493	2494	2445	
2445	2494	2495	2446	
2446	2495	2496	2447	
2447	2496	2497	2448	
2448	2497	2498	2449	
2449	2498	2499	2450	
2450	2499	2500	2451	
2451	2500	2501	2452	
2452	2501	2502	2453	
2453	2502	2503	2454	
2454	2503	105	106	
51	52	2504	2455	
2455	2504	2505	2456	
2456	2505	2506	2457	
2457	2506	2507	2458	
2458	2507	2508	2459	
2459	2508	2509	2460	
2460	2509	2510	2461	
2461	2510	2511	2462	
2462	2511	2512	2463	
2463	2512	2513	2464	
2464	2513	2514	2465	
2465	2514	2515	2466	
2466	2515	2516	2467	
2467	2516	2517	2468	
2468	2517	2518	2469	
2469	2518	2519	2470	
2470	2519	2520	2471	
2471	2520	2521	2472	
2472	2521	2522	2473	
2473	2522	2523	2474	
2474	2523	2524	2475	
2475	2524	2525	2476	
2476	2525	2526	2477	
2477	2526	2527	2478	
2478	2527	2528	2479	
2479	2528	2529	2480	
2480	2529	2530	2481	
2481	2530	2531	2482	
2482	2531	2532	2483	
2483	2532	2533	2484	
2484	2533	2534	2485	
2485	2534	2535	2486	
2486	2535	2536	2487	
2487	2536	2537	2488	
2488	2537	2538	2489	
2489	2538	2539	2490	
2490	2539	2540	2491	
2491	2540	2541	2492	
2492	2541	2542	2493	
2493	2542	2543	2494	
2494	2543	2544	2495	
2495	2544	2545	2496	
2496	2545	2546	2497	
2497	2546	2547	2498	
2498	2547	2548	2499	
2499	2548	2549	2500	
2500	2549	2550	2501	
2501	2550	2551	2502	
2502	2551	2552	2503	
2503	2552	104	105	
52	53	2553	2504	
2504	2553	2554	2505	
2505	2554	2555	2506	
2506	2555	2556	2507	
2507	2556	2557	2508	
2508	2557	2558	2509	
2509	2558	2559	2510	
2510	2559	2560	2511	
2511	2560	2561	2512	
2512	2561	2562	2513	
2513	2562	2563	2514	
2514	2563	2564	2515	
2515	2564	2565	2516	
2516	2565	2566	2517	
2517	2566	2567	2518	
2518	2567	2568	2519	
2519	2568	2569	2520	
2520	2569	2570	2521	
2521	2570	2571	2522	
2522	2571	2572	2523	
2523	2572	2573	2524	
2524	2573	2574	2525	
2525	2574	2575	2526	
2526	2575	2576	2527	
2527	2576	2577	2528	
2528	2577	2578	2529	
2529	2578	2579	2530	
2530	2579	2580	2531	
2531	2580	2581	2532	
2532	2581	2582	2533	
2533	2582	2583	2534	
2534	2583	2584	2535	
2535	2584	2585	2536	
2536	2585	2586	2537	
2537	2586	2587	2538	
2538	2587	2588	2539	
2539	2588	2589	2540	
2540	2589	2590	2541	
2541	2590	2591	2542	
2542	2591	2592	2543	
2543	2592	2593	2544	
2544	2593	2594	2545	
2545	2594	2595	2546	
2546	2595	2596	2547	
2547	2596	2597	2548	
2548	2597	2598	2549	
2549	2598	2599	2550	
2550	2599	2600	2551	
2551	2600	2601	2552	
2552	2601	103	104	
53	2	54	2553	
2553	54	55	2554	
2554	55	56	2555	
2555	56	57	2556	
2556	57	58	2557	
2557	58	59	2558	
2558	59	60	2559	
2559	60	61	2560	
2560	61	62	2561	
2561	62	63	2562	
2562	63	64	2563	
2563	64	65	2564	
2564	65	66	2565	
2565	66	67	2566	
2566	67	68	2567	
2567	68	69	2568	
2568	69	70	2569	
2569	70	71	2570	
2570	71	72	2571	
2571	72	73	2572	
2572	73	74	2573	
2573	74	75	2574	
2574	75	76	2575	
2575	76	77	2576	
2576	77	78	2577	
2577	78	79	2578	
2578	79	80	2579	
2579	80	81	2580	
2580	81	82	2581	
2581	82	83	2582	
2582	83	84	2583	
2583	84	85	2584	
2584	85	86	2585	
2585	86	87	2586	
2586	87	88	2587	
2587	88	89	2588	
2588	89	90	2589	
2589	90	91	2590	
2590	91	92	2591	
2591	92	93	2592	
2592	93	94	2593	
2593	94	95	2594	
2594	95	96	2595	
2595	96	97	2596	
2596	97	98	2597	
2597	98	99	2598	
2598	99	100	2599	
2599	100	101	2600	
2600	101	102	2601	
2601	102	3	103	

